kreis_id,kreis_name,year,gisd_score,gisd_5,gisd_10,gisd_k
01001,"Flensburg, Stadt",1998,0.77383,5,9,3
01001,"Flensburg, Stadt",1999,0.76585,5,9,3
01001,"Flensburg, Stadt",2000,0.65436,4,8,2
01001,"Flensburg, Stadt",2001,0.6969,4,8,2
01001,"Flensburg, Stadt",2002,0.7336,5,9,3
01001,"Flensburg, Stadt",2003,0.70336,5,9,3
01001,"Flensburg, Stadt",2004,0.75228,5,9,3
01001,"Flensburg, Stadt",2005,0.81075,5,10,3
01001,"Flensburg, Stadt",2006,0.82374,5,10,3
01001,"Flensburg, Stadt",2007,0.83918,5,10,3
01001,"Flensburg, Stadt",2008,0.86175,5,10,3
01001,"Flensburg, Stadt",2009,0.83837,5,10,3
01001,"Flensburg, Stadt",2010,0.85688,5,10,3
01001,"Flensburg, Stadt",2011,0.8268,5,10,3
01001,"Flensburg, Stadt",2012,0.79238,5,9,3
01001,"Flensburg, Stadt",2013,0.83794,5,10,3
01001,"Flensburg, Stadt",2014,0.84293,5,10,3
01001,"Flensburg, Stadt",2015,0.84758,5,10,3
01001,"Flensburg, Stadt",2016,0.81223,5,10,3
01001,"Flensburg, Stadt",2017,0.84284,5,10,3
01001,"Flensburg, Stadt",2018,0.84197,5,10,3
01001,"Flensburg, Stadt",2019,0.8433,5,10,3
01001,"Flensburg, Stadt",2020,0.84288,5,10,3
01001,"Flensburg, Stadt",2021,0.80757,5,10,3
01002,"Kiel, Landeshauptstadt",1998,0.65648,4,8,2
01002,"Kiel, Landeshauptstadt",1999,0.62488,4,7,2
01002,"Kiel, Landeshauptstadt",2000,0.554,4,7,2
01002,"Kiel, Landeshauptstadt",2001,0.57653,4,7,2
01002,"Kiel, Landeshauptstadt",2002,0.55441,3,6,2
01002,"Kiel, Landeshauptstadt",2003,0.56801,4,7,2
01002,"Kiel, Landeshauptstadt",2004,0.59066,4,7,2
01002,"Kiel, Landeshauptstadt",2005,0.62607,4,7,2
01002,"Kiel, Landeshauptstadt",2006,0.67764,4,8,2
01002,"Kiel, Landeshauptstadt",2007,0.69511,4,8,2
01002,"Kiel, Landeshauptstadt",2008,0.71286,4,8,2
01002,"Kiel, Landeshauptstadt",2009,0.66258,4,7,2
01002,"Kiel, Landeshauptstadt",2010,0.68532,4,7,2
01002,"Kiel, Landeshauptstadt",2011,0.67949,4,8,2
01002,"Kiel, Landeshauptstadt",2012,0.66147,4,8,2
01002,"Kiel, Landeshauptstadt",2013,0.67631,4,8,2
01002,"Kiel, Landeshauptstadt",2014,0.69395,4,8,2
01002,"Kiel, Landeshauptstadt",2015,0.65019,4,7,2
01002,"Kiel, Landeshauptstadt",2016,0.64583,4,8,2
01002,"Kiel, Landeshauptstadt",2017,0.64188,4,7,2
01002,"Kiel, Landeshauptstadt",2018,0.6591,4,7,2
01002,"Kiel, Landeshauptstadt",2019,0.64605,4,7,2
01002,"Kiel, Landeshauptstadt",2020,0.6365,4,7,2
01002,"Kiel, Landeshauptstadt",2021,0.60164,4,7,2
01003,"Lübeck, Hansestadt",1998,0.72613,4,8,2
01003,"Lübeck, Hansestadt",1999,0.70892,4,8,2
01003,"Lübeck, Hansestadt",2000,0.66228,4,8,2
01003,"Lübeck, Hansestadt",2001,0.69182,4,8,2
01003,"Lübeck, Hansestadt",2002,0.68107,4,8,2
01003,"Lübeck, Hansestadt",2003,0.66898,4,8,2
01003,"Lübeck, Hansestadt",2004,0.66077,4,8,2
01003,"Lübeck, Hansestadt",2005,0.73483,5,9,3
01003,"Lübeck, Hansestadt",2006,0.73615,4,8,2
01003,"Lübeck, Hansestadt",2007,0.74865,5,9,3
01003,"Lübeck, Hansestadt",2008,0.7781,5,9,3
01003,"Lübeck, Hansestadt",2009,0.73411,4,8,2
01003,"Lübeck, Hansestadt",2010,0.75975,5,9,3
01003,"Lübeck, Hansestadt",2011,0.78605,5,9,3
01003,"Lübeck, Hansestadt",2012,0.78551,5,9,3
01003,"Lübeck, Hansestadt",2013,0.77218,5,9,3
01003,"Lübeck, Hansestadt",2014,0.82378,5,10,3
01003,"Lübeck, Hansestadt",2015,0.75437,5,9,3
01003,"Lübeck, Hansestadt",2016,0.713,5,9,3
01003,"Lübeck, Hansestadt",2017,0.74394,5,9,3
01003,"Lübeck, Hansestadt",2018,0.73507,5,9,3
01003,"Lübeck, Hansestadt",2019,0.72398,5,9,3
01003,"Lübeck, Hansestadt",2020,0.69478,5,9,3
01003,"Lübeck, Hansestadt",2021,0.64167,4,8,2
01004,"Neumünster, Stadt",1998,0.84943,5,10,3
01004,"Neumünster, Stadt",1999,0.79172,5,9,3
01004,"Neumünster, Stadt",2000,0.67214,4,8,2
01004,"Neumünster, Stadt",2001,0.7008,4,8,2
01004,"Neumünster, Stadt",2002,0.67877,4,8,2
01004,"Neumünster, Stadt",2003,0.74046,5,9,3
01004,"Neumünster, Stadt",2004,0.72474,5,9,3
01004,"Neumünster, Stadt",2005,0.73434,5,9,3
01004,"Neumünster, Stadt",2006,0.76396,5,9,3
01004,"Neumünster, Stadt",2007,0.78367,5,9,3
01004,"Neumünster, Stadt",2008,0.86481,5,10,3
01004,"Neumünster, Stadt",2009,0.79847,5,9,3
01004,"Neumünster, Stadt",2010,0.83591,5,9,3
01004,"Neumünster, Stadt",2011,0.8569,5,10,3
01004,"Neumünster, Stadt",2012,0.83667,5,10,3
01004,"Neumünster, Stadt",2013,0.88398,5,10,3
01004,"Neumünster, Stadt",2014,0.86333,5,10,3
01004,"Neumünster, Stadt",2015,0.86412,5,10,3
01004,"Neumünster, Stadt",2016,0.84731,5,10,3
01004,"Neumünster, Stadt",2017,0.8669,5,10,3
01004,"Neumünster, Stadt",2018,0.90075,5,10,3
01004,"Neumünster, Stadt",2019,0.89395,5,10,3
01004,"Neumünster, Stadt",2020,0.87104,5,10,3
01004,"Neumünster, Stadt",2021,0.83155,5,10,3
01051,Dithmarschen,1998,0.68748,4,8,2
01051,Dithmarschen,1999,0.68247,4,8,2
01051,Dithmarschen,2000,0.61184,4,8,2
01051,Dithmarschen,2001,0.67191,4,8,2
01051,Dithmarschen,2002,0.66545,4,8,2
01051,Dithmarschen,2003,0.6353,4,8,2
01051,Dithmarschen,2004,0.65132,4,8,2
01051,Dithmarschen,2005,0.70515,4,8,2
01051,Dithmarschen,2006,0.69557,4,8,2
01051,Dithmarschen,2007,0.71115,4,8,2
01051,Dithmarschen,2008,0.75233,4,8,2
01051,Dithmarschen,2009,0.7239,4,8,2
01051,Dithmarschen,2010,0.73608,4,8,2
01051,Dithmarschen,2011,0.75355,5,9,3
01051,Dithmarschen,2012,0.77364,5,9,3
01051,Dithmarschen,2013,0.75879,5,9,3
01051,Dithmarschen,2014,0.80306,5,9,3
01051,Dithmarschen,2015,0.76202,5,9,3
01051,Dithmarschen,2016,0.73643,5,9,3
01051,Dithmarschen,2017,0.72878,5,9,3
01051,Dithmarschen,2018,0.74026,5,9,3
01051,Dithmarschen,2019,0.72409,5,9,3
01051,Dithmarschen,2020,0.72475,5,9,3
01051,Dithmarschen,2021,0.68144,5,9,3
01053,Herzogtum Lauenburg,1998,0.52224,3,5,2
01053,Herzogtum Lauenburg,1999,0.54518,3,6,2
01053,Herzogtum Lauenburg,2000,0.47153,3,5,2
01053,Herzogtum Lauenburg,2001,0.48681,3,5,2
01053,Herzogtum Lauenburg,2002,0.49665,2,4,2
01053,Herzogtum Lauenburg,2003,0.50356,2,4,2
01053,Herzogtum Lauenburg,2004,0.48432,2,4,2
01053,Herzogtum Lauenburg,2005,0.50763,2,4,2
01053,Herzogtum Lauenburg,2006,0.55058,3,5,2
01053,Herzogtum Lauenburg,2007,0.54723,3,5,2
01053,Herzogtum Lauenburg,2008,0.6072,3,5,2
01053,Herzogtum Lauenburg,2009,0.55795,3,5,2
01053,Herzogtum Lauenburg,2010,0.58557,3,5,2
01053,Herzogtum Lauenburg,2011,0.56813,3,5,2
01053,Herzogtum Lauenburg,2012,0.5721,3,6,2
01053,Herzogtum Lauenburg,2013,0.59697,3,6,2
01053,Herzogtum Lauenburg,2014,0.60089,3,6,2
01053,Herzogtum Lauenburg,2015,0.58738,3,6,2
01053,Herzogtum Lauenburg,2016,0.57086,3,6,2
01053,Herzogtum Lauenburg,2017,0.55732,3,6,2
01053,Herzogtum Lauenburg,2018,0.62796,4,7,2
01053,Herzogtum Lauenburg,2019,0.59677,3,6,2
01053,Herzogtum Lauenburg,2020,0.59466,3,6,2
01053,Herzogtum Lauenburg,2021,0.55309,3,6,2
01054,Nordfriesland,1998,0.57807,3,6,2
01054,Nordfriesland,1999,0.56531,3,6,2
01054,Nordfriesland,2000,0.53879,4,7,2
01054,Nordfriesland,2001,0.57024,4,7,2
01054,Nordfriesland,2002,0.54952,3,6,2
01054,Nordfriesland,2003,0.54277,3,6,2
01054,Nordfriesland,2004,0.58877,4,7,2
01054,Nordfriesland,2005,0.59504,4,7,2
01054,Nordfriesland,2006,0.60912,4,7,2
01054,Nordfriesland,2007,0.64157,4,7,2
01054,Nordfriesland,2008,0.67525,4,7,2
01054,Nordfriesland,2009,0.62959,4,7,2
01054,Nordfriesland,2010,0.65244,4,7,2
01054,Nordfriesland,2011,0.65227,4,7,2
01054,Nordfriesland,2012,0.64209,4,7,2
01054,Nordfriesland,2013,0.63936,4,7,2
01054,Nordfriesland,2014,0.65687,4,7,2
01054,Nordfriesland,2015,0.62691,4,7,2
01054,Nordfriesland,2016,0.62767,4,7,2
01054,Nordfriesland,2017,0.62068,4,7,2
01054,Nordfriesland,2018,0.65161,4,7,2
01054,Nordfriesland,2019,0.62512,4,7,2
01054,Nordfriesland,2020,0.62833,4,7,2
01054,Nordfriesland,2021,0.57468,4,7,2
01055,Ostholstein,1998,0.62318,4,7,2
01055,Ostholstein,1999,0.62431,4,7,2
01055,Ostholstein,2000,0.58234,4,8,2
01055,Ostholstein,2001,0.5981,4,8,2
01055,Ostholstein,2002,0.6091,4,7,2
01055,Ostholstein,2003,0.59566,4,7,2
01055,Ostholstein,2004,0.59668,4,7,2
01055,Ostholstein,2005,0.62638,4,7,2
01055,Ostholstein,2006,0.66164,4,8,2
01055,Ostholstein,2007,0.66013,4,7,2
01055,Ostholstein,2008,0.70376,4,7,2
01055,Ostholstein,2009,0.66063,4,7,2
01055,Ostholstein,2010,0.66715,4,7,2
01055,Ostholstein,2011,0.66571,4,7,2
01055,Ostholstein,2012,0.67769,4,8,2
01055,Ostholstein,2013,0.68445,4,8,2
01055,Ostholstein,2014,0.69552,4,8,2
01055,Ostholstein,2015,0.68518,4,8,2
01055,Ostholstein,2016,0.67249,4,8,2
01055,Ostholstein,2017,0.64826,4,7,2
01055,Ostholstein,2018,0.68046,4,8,2
01055,Ostholstein,2019,0.65946,4,8,2
01055,Ostholstein,2020,0.65618,4,8,2
01055,Ostholstein,2021,0.60293,4,7,2
01056,Pinneberg,1998,0.43648,2,3,2
01056,Pinneberg,1999,0.43374,2,3,2
01056,Pinneberg,2000,0.37846,2,3,2
01056,Pinneberg,2001,0.39182,2,3,2
01056,Pinneberg,2002,0.37385,1,2,1
01056,Pinneberg,2003,0.3927,1,2,1
01056,Pinneberg,2004,0.37033,1,2,1
01056,Pinneberg,2005,0.42301,2,3,2
01056,Pinneberg,2006,0.43239,2,3,2
01056,Pinneberg,2007,0.45543,2,3,2
01056,Pinneberg,2008,0.49367,2,3,2
01056,Pinneberg,2009,0.4581,2,3,2
01056,Pinneberg,2010,0.47199,2,3,2
01056,Pinneberg,2011,0.47071,2,3,2
01056,Pinneberg,2012,0.4624,2,3,2
01056,Pinneberg,2013,0.47949,2,3,2
01056,Pinneberg,2014,0.4947,2,4,2
01056,Pinneberg,2015,0.47858,2,4,2
01056,Pinneberg,2016,0.48175,2,4,2
01056,Pinneberg,2017,0.49086,2,4,2
01056,Pinneberg,2018,0.49122,2,4,2
01056,Pinneberg,2019,0.50212,2,4,2
01056,Pinneberg,2020,0.50187,2,4,2
01056,Pinneberg,2021,0.47576,2,4,2
01057,Plön,1998,0.59136,3,6,2
01057,Plön,1999,0.56899,3,6,2
01057,Plön,2000,0.54394,4,7,2
01057,Plön,2001,0.5291,3,6,2
01057,Plön,2002,0.54325,3,6,2
01057,Plön,2003,0.55405,3,6,2
01057,Plön,2004,0.55146,3,6,2
01057,Plön,2005,0.59736,4,7,2
01057,Plön,2006,0.61581,4,7,2
01057,Plön,2007,0.61404,4,7,2
01057,Plön,2008,0.64372,3,6,2
01057,Plön,2009,0.61067,3,6,2
01057,Plön,2010,0.60888,3,6,2
01057,Plön,2011,0.60407,3,6,2
01057,Plön,2012,0.59379,3,6,2
01057,Plön,2013,0.60849,3,6,2
01057,Plön,2014,0.63117,4,7,2
01057,Plön,2015,0.62955,4,7,2
01057,Plön,2016,0.6184,4,7,2
01057,Plön,2017,0.61639,4,7,2
01057,Plön,2018,0.62689,4,7,2
01057,Plön,2019,0.60092,4,7,2
01057,Plön,2020,0.61259,4,7,2
01057,Plön,2021,0.56029,3,6,2
01058,Rendsburg-Eckernförde,1998,0.56377,3,6,2
01058,Rendsburg-Eckernförde,1999,0.54089,3,5,2
01058,Rendsburg-Eckernförde,2000,0.48195,3,5,2
01058,Rendsburg-Eckernförde,2001,0.48229,3,5,2
01058,Rendsburg-Eckernförde,2002,0.49666,2,4,2
01058,Rendsburg-Eckernförde,2003,0.50837,3,5,2
01058,Rendsburg-Eckernförde,2004,0.50051,3,5,2
01058,Rendsburg-Eckernförde,2005,0.51506,3,5,2
01058,Rendsburg-Eckernförde,2006,0.52721,3,5,2
01058,Rendsburg-Eckernförde,2007,0.53464,3,5,2
01058,Rendsburg-Eckernförde,2008,0.59395,3,5,2
01058,Rendsburg-Eckernförde,2009,0.57333,3,5,2
01058,Rendsburg-Eckernförde,2010,0.5856,3,5,2
01058,Rendsburg-Eckernförde,2011,0.5602,3,5,2
01058,Rendsburg-Eckernförde,2012,0.56571,3,6,2
01058,Rendsburg-Eckernförde,2013,0.57808,3,6,2
01058,Rendsburg-Eckernförde,2014,0.57681,3,6,2
01058,Rendsburg-Eckernförde,2015,0.56812,3,6,2
01058,Rendsburg-Eckernförde,2016,0.55753,3,6,2
01058,Rendsburg-Eckernförde,2017,0.55782,3,6,2
01058,Rendsburg-Eckernförde,2018,0.53957,3,5,2
01058,Rendsburg-Eckernförde,2019,0.57096,3,6,2
01058,Rendsburg-Eckernförde,2020,0.55125,3,6,2
01058,Rendsburg-Eckernförde,2021,0.52725,3,6,2
01059,Schleswig-Flensburg,1998,0.63429,4,7,2
01059,Schleswig-Flensburg,1999,0.63724,4,8,2
01059,Schleswig-Flensburg,2000,0.57674,4,7,2
01059,Schleswig-Flensburg,2001,0.61534,4,8,2
01059,Schleswig-Flensburg,2002,0.6126,4,8,2
01059,Schleswig-Flensburg,2003,0.62141,4,7,2
01059,Schleswig-Flensburg,2004,0.61271,4,8,2
01059,Schleswig-Flensburg,2005,0.66193,4,8,2
01059,Schleswig-Flensburg,2006,0.64834,4,7,2
01059,Schleswig-Flensburg,2007,0.721,4,8,2
01059,Schleswig-Flensburg,2008,0.75986,5,9,3
01059,Schleswig-Flensburg,2009,0.71081,4,8,2
01059,Schleswig-Flensburg,2010,0.73973,4,8,2
01059,Schleswig-Flensburg,2011,0.69856,4,8,2
01059,Schleswig-Flensburg,2012,0.72931,5,9,3
01059,Schleswig-Flensburg,2013,0.7286,5,9,3
01059,Schleswig-Flensburg,2014,0.75544,5,9,3
01059,Schleswig-Flensburg,2015,0.71248,5,9,3
01059,Schleswig-Flensburg,2016,0.69774,5,9,3
01059,Schleswig-Flensburg,2017,0.70568,5,9,3
01059,Schleswig-Flensburg,2018,0.73881,5,9,3
01059,Schleswig-Flensburg,2019,0.68643,4,8,2
01059,Schleswig-Flensburg,2020,0.66663,4,8,2
01059,Schleswig-Flensburg,2021,0.64729,4,8,2
01060,Segeberg,1998,0.51785,2,4,2
01060,Segeberg,1999,0.47512,2,4,2
01060,Segeberg,2000,0.41566,2,4,2
01060,Segeberg,2001,0.45518,2,4,2
01060,Segeberg,2002,0.44224,2,3,2
01060,Segeberg,2003,0.44078,2,3,2
01060,Segeberg,2004,0.45131,2,4,2
01060,Segeberg,2005,0.47979,2,4,2
01060,Segeberg,2006,0.49744,2,4,2
01060,Segeberg,2007,0.48814,2,4,2
01060,Segeberg,2008,0.53365,2,4,2
01060,Segeberg,2009,0.49867,2,3,2
01060,Segeberg,2010,0.51968,2,4,2
01060,Segeberg,2011,0.51961,2,4,2
01060,Segeberg,2012,0.53209,3,5,2
01060,Segeberg,2013,0.54511,3,5,2
01060,Segeberg,2014,0.55025,3,5,2
01060,Segeberg,2015,0.53039,3,5,2
01060,Segeberg,2016,0.52524,3,5,2
01060,Segeberg,2017,0.52342,3,5,2
01060,Segeberg,2018,0.5359,3,5,2
01060,Segeberg,2019,0.53936,3,5,2
01060,Segeberg,2020,0.52266,3,5,2
01060,Segeberg,2021,0.49544,3,5,2
01061,Steinburg,1998,0.61186,4,7,2
01061,Steinburg,1999,0.62626,4,7,2
01061,Steinburg,2000,0.55457,4,7,2
01061,Steinburg,2001,0.56309,4,7,2
01061,Steinburg,2002,0.5829,4,7,2
01061,Steinburg,2003,0.5746,4,7,2
01061,Steinburg,2004,0.61563,4,8,2
01061,Steinburg,2005,0.59459,4,7,2
01061,Steinburg,2006,0.61263,4,7,2
01061,Steinburg,2007,0.59541,3,6,2
01061,Steinburg,2008,0.67003,4,7,2
01061,Steinburg,2009,0.62755,4,7,2
01061,Steinburg,2010,0.66689,4,7,2
01061,Steinburg,2011,0.66063,4,7,2
01061,Steinburg,2012,0.67454,4,8,2
01061,Steinburg,2013,0.65534,4,7,2
01061,Steinburg,2014,0.70689,4,8,2
01061,Steinburg,2015,0.6744,4,8,2
01061,Steinburg,2016,0.67865,4,8,2
01061,Steinburg,2017,0.67807,4,8,2
01061,Steinburg,2018,0.69565,4,8,2
01061,Steinburg,2019,0.68052,4,8,2
01061,Steinburg,2020,0.6625,4,8,2
01061,Steinburg,2021,0.62086,4,8,2
01062,Stormarn,1998,0.3484,1,1,1
01062,Stormarn,1999,0.33618,1,1,1
01062,Stormarn,2000,0.244,1,1,1
01062,Stormarn,2001,0.24835,1,1,1
01062,Stormarn,2002,0.25569,1,1,1
01062,Stormarn,2003,0.25568,1,1,1
01062,Stormarn,2004,0.2665,1,1,1
01062,Stormarn,2005,0.27969,1,1,1
01062,Stormarn,2006,0.32509,1,1,1
01062,Stormarn,2007,0.31723,1,1,1
01062,Stormarn,2008,0.3947,1,2,1
01062,Stormarn,2009,0.36711,1,1,1
01062,Stormarn,2010,0.37918,1,1,1
01062,Stormarn,2011,0.3728,1,2,1
01062,Stormarn,2012,0.37248,1,2,1
01062,Stormarn,2013,0.36785,1,2,1
01062,Stormarn,2014,0.40574,1,2,1
01062,Stormarn,2015,0.37604,1,2,1
01062,Stormarn,2016,0.37854,1,2,1
01062,Stormarn,2017,0.36073,1,2,1
01062,Stormarn,2018,0.37609,1,2,1
01062,Stormarn,2019,0.37378,1,2,1
01062,Stormarn,2020,0.36959,1,2,1
01062,Stormarn,2021,0.36199,1,2,1
02000,"Hamburg, Freie und Hansestadt",1998,0.42053,2,3,2
02000,"Hamburg, Freie und Hansestadt",1999,0.41399,2,3,2
02000,"Hamburg, Freie und Hansestadt",2000,0.36357,2,3,2
02000,"Hamburg, Freie und Hansestadt",2001,0.37559,2,3,2
02000,"Hamburg, Freie und Hansestadt",2002,0.39042,1,2,1
02000,"Hamburg, Freie und Hansestadt",2003,0.38796,1,2,1
02000,"Hamburg, Freie und Hansestadt",2004,0.38976,2,3,2
02000,"Hamburg, Freie und Hansestadt",2005,0.42323,2,3,2
02000,"Hamburg, Freie und Hansestadt",2006,0.45049,2,3,2
02000,"Hamburg, Freie und Hansestadt",2007,0.4566,2,3,2
02000,"Hamburg, Freie und Hansestadt",2008,0.47064,2,3,2
02000,"Hamburg, Freie und Hansestadt",2009,0.44761,2,3,2
02000,"Hamburg, Freie und Hansestadt",2010,0.46037,2,3,2
02000,"Hamburg, Freie und Hansestadt",2011,0.42164,1,2,1
02000,"Hamburg, Freie und Hansestadt",2012,0.37012,1,2,1
02000,"Hamburg, Freie und Hansestadt",2013,0.34906,1,1,1
02000,"Hamburg, Freie und Hansestadt",2014,0.36295,1,2,1
02000,"Hamburg, Freie und Hansestadt",2015,0.34865,1,1,1
02000,"Hamburg, Freie und Hansestadt",2016,0.32082,1,1,1
02000,"Hamburg, Freie und Hansestadt",2017,0.32352,1,1,1
02000,"Hamburg, Freie und Hansestadt",2018,0.3399,1,1,1
02000,"Hamburg, Freie und Hansestadt",2019,0.33844,1,1,1
02000,"Hamburg, Freie und Hansestadt",2020,0.36056,1,2,1
02000,"Hamburg, Freie und Hansestadt",2021,0.32646,1,1,1
03101,"Braunschweig, Stadt",1998,0.44141,2,3,2
03101,"Braunschweig, Stadt",1999,0.40818,2,3,2
03101,"Braunschweig, Stadt",2000,0.39098,2,3,2
03101,"Braunschweig, Stadt",2001,0.3829,2,3,2
03101,"Braunschweig, Stadt",2002,0.43093,2,3,2
03101,"Braunschweig, Stadt",2003,0.42893,2,3,2
03101,"Braunschweig, Stadt",2004,0.40986,2,3,2
03101,"Braunschweig, Stadt",2005,0.45086,2,3,2
03101,"Braunschweig, Stadt",2006,0.4487,2,3,2
03101,"Braunschweig, Stadt",2007,0.4326,2,3,2
03101,"Braunschweig, Stadt",2008,0.46424,2,3,2
03101,"Braunschweig, Stadt",2009,0.46577,2,3,2
03101,"Braunschweig, Stadt",2010,0.44866,2,3,2
03101,"Braunschweig, Stadt",2011,0.44615,2,3,2
03101,"Braunschweig, Stadt",2012,0.40124,1,2,1
03101,"Braunschweig, Stadt",2013,0.39387,1,2,1
03101,"Braunschweig, Stadt",2014,0.37974,1,2,1
03101,"Braunschweig, Stadt",2015,0.36085,1,2,1
03101,"Braunschweig, Stadt",2016,0.33033,1,1,1
03101,"Braunschweig, Stadt",2017,0.33337,1,1,1
03101,"Braunschweig, Stadt",2018,0.32985,1,1,1
03101,"Braunschweig, Stadt",2019,0.33816,1,1,1
03101,"Braunschweig, Stadt",2020,0.34452,1,1,1
03101,"Braunschweig, Stadt",2021,0.32024,1,1,1
03102,"Salzgitter, Stadt",1998,0.64514,4,7,2
03102,"Salzgitter, Stadt",1999,0.62823,4,7,2
03102,"Salzgitter, Stadt",2000,0.539,4,7,2
03102,"Salzgitter, Stadt",2001,0.54676,4,7,2
03102,"Salzgitter, Stadt",2002,0.58074,4,7,2
03102,"Salzgitter, Stadt",2003,0.58778,4,7,2
03102,"Salzgitter, Stadt",2004,0.54994,3,6,2
03102,"Salzgitter, Stadt",2005,0.61336,4,7,2
03102,"Salzgitter, Stadt",2006,0.63408,4,7,2
03102,"Salzgitter, Stadt",2007,0.61231,4,7,2
03102,"Salzgitter, Stadt",2008,0.66396,4,7,2
03102,"Salzgitter, Stadt",2009,0.65981,4,7,2
03102,"Salzgitter, Stadt",2010,0.6406,4,7,2
03102,"Salzgitter, Stadt",2011,0.6197,4,7,2
03102,"Salzgitter, Stadt",2012,0.56903,3,6,2
03102,"Salzgitter, Stadt",2013,0.59338,3,6,2
03102,"Salzgitter, Stadt",2014,0.61646,3,6,2
03102,"Salzgitter, Stadt",2015,0.62187,4,7,2
03102,"Salzgitter, Stadt",2016,0.63941,4,8,2
03102,"Salzgitter, Stadt",2017,0.69953,5,9,3
03102,"Salzgitter, Stadt",2018,0.74738,5,9,3
03102,"Salzgitter, Stadt",2019,0.6947,5,9,3
03102,"Salzgitter, Stadt",2020,0.74818,5,9,3
03102,"Salzgitter, Stadt",2021,0.6943,5,9,3
03103,"Wolfsburg, Stadt",1998,0.28281,1,1,1
03103,"Wolfsburg, Stadt",1999,0.25543,1,1,1
03103,"Wolfsburg, Stadt",2000,0.28932,1,1,1
03103,"Wolfsburg, Stadt",2001,0.2916,1,1,1
03103,"Wolfsburg, Stadt",2002,0.42988,2,3,2
03103,"Wolfsburg, Stadt",2003,0.40967,2,3,2
03103,"Wolfsburg, Stadt",2004,0.36599,1,2,1
03103,"Wolfsburg, Stadt",2005,0.44417,2,3,2
03103,"Wolfsburg, Stadt",2006,0.42881,2,3,2
03103,"Wolfsburg, Stadt",2007,0.31403,1,1,1
03103,"Wolfsburg, Stadt",2008,0.35089,1,1,1
03103,"Wolfsburg, Stadt",2009,0.29452,1,1,1
03103,"Wolfsburg, Stadt",2010,0.30342,1,1,1
03103,"Wolfsburg, Stadt",2011,0.30162,1,1,1
03103,"Wolfsburg, Stadt",2012,0.17374,1,1,1
03103,"Wolfsburg, Stadt",2013,0.17091,1,1,1
03103,"Wolfsburg, Stadt",2014,0.15779,1,1,1
03103,"Wolfsburg, Stadt",2015,0.12787,1,1,1
03103,"Wolfsburg, Stadt",2016,0.14152,1,1,1
03103,"Wolfsburg, Stadt",2017,0.15068,1,1,1
03103,"Wolfsburg, Stadt",2018,0.13951,1,1,1
03103,"Wolfsburg, Stadt",2019,0.16176,1,1,1
03103,"Wolfsburg, Stadt",2020,0.15664,1,1,1
03103,"Wolfsburg, Stadt",2021,0.18277,1,1,1
03151,Gifhorn,1998,0.5602,3,6,2
03151,Gifhorn,1999,0.53321,3,5,2
03151,Gifhorn,2000,0.54138,4,7,2
03151,Gifhorn,2001,0.50379,3,5,2
03151,Gifhorn,2002,0.56164,3,6,2
03151,Gifhorn,2003,0.57438,4,7,2
03151,Gifhorn,2004,0.52662,3,6,2
03151,Gifhorn,2005,0.56162,3,6,2
03151,Gifhorn,2006,0.55301,3,5,2
03151,Gifhorn,2007,0.51822,2,4,2
03151,Gifhorn,2008,0.57215,3,5,2
03151,Gifhorn,2009,0.53508,2,4,2
03151,Gifhorn,2010,0.54318,2,4,2
03151,Gifhorn,2011,0.55543,3,5,2
03151,Gifhorn,2012,0.49211,2,4,2
03151,Gifhorn,2013,0.48013,2,3,2
03151,Gifhorn,2014,0.46372,2,3,2
03151,Gifhorn,2015,0.4554,2,3,2
03151,Gifhorn,2016,0.45404,2,3,2
03151,Gifhorn,2017,0.466,2,3,2
03151,Gifhorn,2018,0.48493000000000003,2,4,2
03151,Gifhorn,2019,0.4381,2,3,2
03151,Gifhorn,2020,0.45524,2,3,2
03151,Gifhorn,2021,0.43101,2,3,2
03153,Goslar,1998,0.64257,4,7,2
03153,Goslar,1999,0.64526,4,8,2
03153,Goslar,2000,0.5772,4,7,2
03153,Goslar,2001,0.59681,4,8,2
03153,Goslar,2002,0.62113,4,8,2
03153,Goslar,2003,0.65779,4,8,2
03153,Goslar,2004,0.58146,4,7,2
03153,Goslar,2005,0.66643,4,8,2
03153,Goslar,2006,0.68609,4,8,2
03153,Goslar,2007,0.65766,4,7,2
03153,Goslar,2008,0.72375,4,8,2
03153,Goslar,2009,0.6927,4,8,2
03153,Goslar,2010,0.67306,4,7,2
03153,Goslar,2011,0.70499,4,8,2
03153,Goslar,2012,0.67568,4,8,2
03153,Goslar,2013,0.66858,4,8,2
03153,Goslar,2014,0.70334,4,8,2
03153,Goslar,2015,0.64852,4,7,2
03153,Goslar,2016,0.64258,4,8,2
03153,Goslar,2017,0.64189,4,7,2
03153,Goslar,2018,0.65865,4,7,2
03153,Goslar,2019,0.6626,4,8,2
03153,Goslar,2020,0.69336,5,9,3
03153,Goslar,2021,0.64424,4,8,2
03154,Helmstedt,1998,0.59158,3,6,2
03154,Helmstedt,1999,0.58734,4,7,2
03154,Helmstedt,2000,0.51749,3,6,2
03154,Helmstedt,2001,0.52552,3,6,2
03154,Helmstedt,2002,0.58363,4,7,2
03154,Helmstedt,2003,0.62133,4,7,2
03154,Helmstedt,2004,0.54845,3,6,2
03154,Helmstedt,2005,0.60135,4,7,2
03154,Helmstedt,2006,0.64682,4,7,2
03154,Helmstedt,2007,0.57209,3,6,2
03154,Helmstedt,2008,0.62507,3,6,2
03154,Helmstedt,2009,0.57599,3,5,2
03154,Helmstedt,2010,0.60969,3,6,2
03154,Helmstedt,2011,0.61572,3,6,2
03154,Helmstedt,2012,0.57736,3,6,2
03154,Helmstedt,2013,0.5737,3,6,2
03154,Helmstedt,2014,0.58047,3,6,2
03154,Helmstedt,2015,0.60698,3,6,2
03154,Helmstedt,2016,0.54268,3,6,2
03154,Helmstedt,2017,0.5745,3,6,2
03154,Helmstedt,2018,0.58173,3,6,2
03154,Helmstedt,2019,0.57792,3,6,2
03154,Helmstedt,2020,0.59623,4,7,2
03154,Helmstedt,2021,0.52668,3,6,2
03155,Northeim,1998,0.6456,4,7,2
03155,Northeim,1999,0.6365,4,7,2
03155,Northeim,2000,0.56726,4,7,2
03155,Northeim,2001,0.59108,4,7,2
03155,Northeim,2002,0.60162,4,7,2
03155,Northeim,2003,0.63091,4,8,2
03155,Northeim,2004,0.58268,4,7,2
03155,Northeim,2005,0.63376999999999994,4,7,2
03155,Northeim,2006,0.63582,4,7,2
03155,Northeim,2007,0.655,4,7,2
03155,Northeim,2008,0.67743,4,7,2
03155,Northeim,2009,0.64439,4,7,2
03155,Northeim,2010,0.66796,4,7,2
03155,Northeim,2011,0.65467,4,7,2
03155,Northeim,2012,0.6394,4,7,2
03155,Northeim,2013,0.61727,4,7,2
03155,Northeim,2014,0.63866,4,7,2
03155,Northeim,2015,0.61746,4,7,2
03155,Northeim,2016,0.58469,3,6,2
03155,Northeim,2017,0.59651,3,6,2
03155,Northeim,2018,0.59929,3,6,2
03155,Northeim,2019,0.597,3,6,2
03155,Northeim,2020,0.61175,4,7,2
03155,Northeim,2021,0.57538,4,7,2
03157,Peine,1998,0.56925,3,6,2
03157,Peine,1999,0.55632,3,6,2
03157,Peine,2000,0.51229,3,6,2
03157,Peine,2001,0.51804,3,6,2
03157,Peine,2002,0.52591,3,5,2
03157,Peine,2003,0.56745,4,7,2
03157,Peine,2004,0.5158,3,5,2
03157,Peine,2005,0.57155,3,6,2
03157,Peine,2006,0.57104,3,6,2
03157,Peine,2007,0.60946,4,7,2
03157,Peine,2008,0.60184,3,5,2
03157,Peine,2009,0.58139,3,5,2
03157,Peine,2010,0.5927,3,6,2
03157,Peine,2011,0.57653,3,5,2
03157,Peine,2012,0.56866,3,6,2
03157,Peine,2013,0.57143,3,6,2
03157,Peine,2014,0.57017,3,5,2
03157,Peine,2015,0.58353,3,6,2
03157,Peine,2016,0.56055,3,6,2
03157,Peine,2017,0.56863,3,6,2
03157,Peine,2018,0.59101,3,6,2
03157,Peine,2019,0.56689,3,6,2
03157,Peine,2020,0.56937,3,6,2
03157,Peine,2021,0.53355,3,6,2
03158,Wolfenbüttel,1998,0.64748000000000006,4,7,2
03158,Wolfenbüttel,1999,0.53902,3,5,2
03158,Wolfenbüttel,2000,0.49369,3,6,2
03158,Wolfenbüttel,2001,0.4779,2,4,2
03158,Wolfenbüttel,2002,0.50808,3,5,2
03158,Wolfenbüttel,2003,0.51342,3,5,2
03158,Wolfenbüttel,2004,0.50224,3,5,2
03158,Wolfenbüttel,2005,0.5062,2,4,2
03158,Wolfenbüttel,2006,0.54341,3,5,2
03158,Wolfenbüttel,2007,0.53013,3,5,2
03158,Wolfenbüttel,2008,0.59626,3,5,2
03158,Wolfenbüttel,2009,0.56723,3,5,2
03158,Wolfenbüttel,2010,0.55034,3,5,2
03158,Wolfenbüttel,2011,0.5733,3,5,2
03158,Wolfenbüttel,2012,0.5193,3,5,2
03158,Wolfenbüttel,2013,0.50294,2,4,2
03158,Wolfenbüttel,2014,0.50088,2,4,2
03158,Wolfenbüttel,2015,0.52492,3,5,2
03158,Wolfenbüttel,2016,0.49446,3,5,2
03158,Wolfenbüttel,2017,0.5071,2,4,2
03158,Wolfenbüttel,2018,0.52303,3,5,2
03158,Wolfenbüttel,2019,0.50589,2,4,2
03158,Wolfenbüttel,2020,0.4919,2,4,2
03158,Wolfenbüttel,2021,0.4679,2,4,2
03159,Göttingen,1998,0.5445,3,5,2
03159,Göttingen,1999,0.5659,3,6,2
03159,Göttingen,2000,0.49736,3,6,2
03159,Göttingen,2001,0.4788,3,5,2
03159,Göttingen,2002,0.5201,3,5,2
03159,Göttingen,2003,0.54569,3,6,2
03159,Göttingen,2004,0.48961,3,5,2
03159,Göttingen,2005,0.54368,3,5,2
03159,Göttingen,2006,0.54511,3,5,2
03159,Göttingen,2007,0.54661,3,5,2
03159,Göttingen,2008,0.5998,3,5,2
03159,Göttingen,2009,0.5568,3,5,2
03159,Göttingen,2010,0.55682,3,5,2
03159,Göttingen,2011,0.54805,3,5,2
03159,Göttingen,2012,0.52092,3,5,2
03159,Göttingen,2013,0.52392,2,4,2
03159,Göttingen,2014,0.52358,2,4,2
03159,Göttingen,2015,0.51911,2,4,2
03159,Göttingen,2016,0.49748,3,5,2
03159,Göttingen,2017,0.49537,2,4,2
03159,Göttingen,2018,0.53078,3,5,2
03159,Göttingen,2019,0.53858,3,5,2
03159,Göttingen,2020,0.56287,3,6,2
03159,Göttingen,2021,0.48515,2,4,2
03241,Region Hannover,1998,0.49366,2,4,2
03241,Region Hannover,1999,0.49825,2,4,2
03241,Region Hannover,2000,0.42097,2,4,2
03241,Region Hannover,2001,0.44892,2,4,2
03241,Region Hannover,2002,0.47717,2,4,2
03241,Region Hannover,2003,0.49627,2,4,2
03241,Region Hannover,2004,0.44636,2,4,2
03241,Region Hannover,2005,0.51642,3,5,2
03241,Region Hannover,2006,0.51635,3,5,2
03241,Region Hannover,2007,0.5262,2,4,2
03241,Region Hannover,2008,0.5719,3,5,2
03241,Region Hannover,2009,0.52854,2,4,2
03241,Region Hannover,2010,0.54136,2,4,2
03241,Region Hannover,2011,0.52928,2,4,2
03241,Region Hannover,2012,0.51226,2,4,2
03241,Region Hannover,2013,0.51558,2,4,2
03241,Region Hannover,2014,0.51637,2,4,2
03241,Region Hannover,2015,0.50282,2,4,2
03241,Region Hannover,2016,0.48407,2,4,2
03241,Region Hannover,2017,0.48878,2,4,2
03241,Region Hannover,2018,0.50285,2,4,2
03241,Region Hannover,2019,0.50123,2,4,2
03241,Region Hannover,2020,0.52288,3,5,2
03241,Region Hannover,2021,0.48715,2,4,2
03251,Diepholz,1998,0.5494,3,5,2
03251,Diepholz,1999,0.57261,3,6,2
03251,Diepholz,2000,0.49809,3,6,2
03251,Diepholz,2001,0.50502,3,6,2
03251,Diepholz,2002,0.52251,3,5,2
03251,Diepholz,2003,0.52583,3,5,2
03251,Diepholz,2004,0.4825,2,4,2
03251,Diepholz,2005,0.50728,2,4,2
03251,Diepholz,2006,0.53024,3,5,2
03251,Diepholz,2007,0.54136,3,5,2
03251,Diepholz,2008,0.58003,3,5,2
03251,Diepholz,2009,0.56596,3,5,2
03251,Diepholz,2010,0.58411,3,5,2
03251,Diepholz,2011,0.58365,3,6,2
03251,Diepholz,2012,0.55569,3,5,2
03251,Diepholz,2013,0.55033,3,5,2
03251,Diepholz,2014,0.54301,3,5,2
03251,Diepholz,2015,0.53081,3,5,2
03251,Diepholz,2016,0.51753,3,5,2
03251,Diepholz,2017,0.53778,3,5,2
03251,Diepholz,2018,0.54809,3,5,2
03251,Diepholz,2019,0.55309,3,6,2
03251,Diepholz,2020,0.57888,3,6,2
03251,Diepholz,2021,0.54218,3,6,2
03252,Hameln-Pyrmont,1998,0.63165,4,7,2
03252,Hameln-Pyrmont,1999,0.62312,4,7,2
03252,Hameln-Pyrmont,2000,0.55628,4,7,2
03252,Hameln-Pyrmont,2001,0.58504,4,7,2
03252,Hameln-Pyrmont,2002,0.62024,4,8,2
03252,Hameln-Pyrmont,2003,0.63869,4,8,2
03252,Hameln-Pyrmont,2004,0.5786,4,7,2
03252,Hameln-Pyrmont,2005,0.65605,4,8,2
03252,Hameln-Pyrmont,2006,0.65942,4,8,2
03252,Hameln-Pyrmont,2007,0.66094,4,8,2
03252,Hameln-Pyrmont,2008,0.69137,4,7,2
03252,Hameln-Pyrmont,2009,0.63762,4,7,2
03252,Hameln-Pyrmont,2010,0.66637,4,7,2
03252,Hameln-Pyrmont,2011,0.67279,4,7,2
03252,Hameln-Pyrmont,2012,0.63052,4,7,2
03252,Hameln-Pyrmont,2013,0.65415,4,7,2
03252,Hameln-Pyrmont,2014,0.64533,4,7,2
03252,Hameln-Pyrmont,2015,0.61435,4,7,2
03252,Hameln-Pyrmont,2016,0.57672,3,6,2
03252,Hameln-Pyrmont,2017,0.60117,4,7,2
03252,Hameln-Pyrmont,2018,0.63646,4,7,2
03252,Hameln-Pyrmont,2019,0.66195,4,8,2
03252,Hameln-Pyrmont,2020,0.68893,5,9,3
03252,Hameln-Pyrmont,2021,0.60209,4,7,2
03254,Hildesheim,1998,0.55438,3,6,2
03254,Hildesheim,1999,0.53879,3,5,2
03254,Hildesheim,2000,0.50402,3,6,2
03254,Hildesheim,2001,0.5049,3,6,2
03254,Hildesheim,2002,0.49801,3,5,2
03254,Hildesheim,2003,0.52056,3,5,2
03254,Hildesheim,2004,0.48265,2,4,2
03254,Hildesheim,2005,0.56309,3,6,2
03254,Hildesheim,2006,0.57299,3,6,2
03254,Hildesheim,2007,0.56185,3,5,2
03254,Hildesheim,2008,0.60612,3,5,2
03254,Hildesheim,2009,0.61351,3,6,2
03254,Hildesheim,2010,0.6108,3,6,2
03254,Hildesheim,2011,0.61604,3,6,2
03254,Hildesheim,2012,0.60753,4,7,2
03254,Hildesheim,2013,0.61347,3,6,2
03254,Hildesheim,2014,0.62203,3,6,2
03254,Hildesheim,2015,0.61326,4,7,2
03254,Hildesheim,2016,0.56877,3,6,2
03254,Hildesheim,2017,0.58474,3,6,2
03254,Hildesheim,2018,0.59324,3,6,2
03254,Hildesheim,2019,0.5935,3,6,2
03254,Hildesheim,2020,0.60946,4,7,2
03254,Hildesheim,2021,0.54745,3,6,2
03255,Holzminden,1998,0.69236,4,8,2
03255,Holzminden,1999,0.69395,4,8,2
03255,Holzminden,2000,0.61349,4,8,2
03255,Holzminden,2001,0.67422,4,8,2
03255,Holzminden,2002,0.66411,4,8,2
03255,Holzminden,2003,0.67922,4,8,2
03255,Holzminden,2004,0.6383,4,8,2
03255,Holzminden,2005,0.66595,4,8,2
03255,Holzminden,2006,0.69322,4,8,2
03255,Holzminden,2007,0.70242,4,8,2
03255,Holzminden,2008,0.75112,4,8,2
03255,Holzminden,2009,0.72082,4,8,2
03255,Holzminden,2010,0.67659,4,7,2
03255,Holzminden,2011,0.71258,4,8,2
03255,Holzminden,2012,0.71597,4,8,2
03255,Holzminden,2013,0.72434,5,9,3
03255,Holzminden,2014,0.73425,5,9,3
03255,Holzminden,2015,0.72501,5,9,3
03255,Holzminden,2016,0.65058,4,8,2
03255,Holzminden,2017,0.66957,4,8,2
03255,Holzminden,2018,0.75006,5,9,3
03255,Holzminden,2019,0.7466,5,9,3
03255,Holzminden,2020,0.77835,5,10,3
03255,Holzminden,2021,0.64181,4,8,2
03256,Nienburg (Weser),1998,0.7117,4,8,2
03256,Nienburg (Weser),1999,0.6555,4,8,2
03256,Nienburg (Weser),2000,0.61002,4,8,2
03256,Nienburg (Weser),2001,0.6527,4,8,2
03256,Nienburg (Weser),2002,0.64324,4,8,2
03256,Nienburg (Weser),2003,0.71709,5,9,3
03256,Nienburg (Weser),2004,0.65207,4,8,2
03256,Nienburg (Weser),2005,0.67276,4,8,2
03256,Nienburg (Weser),2006,0.68484,4,8,2
03256,Nienburg (Weser),2007,0.7087,4,8,2
03256,Nienburg (Weser),2008,0.72214,4,8,2
03256,Nienburg (Weser),2009,0.67516,4,7,2
03256,Nienburg (Weser),2010,0.67662,4,7,2
03256,Nienburg (Weser),2011,0.67877,4,8,2
03256,Nienburg (Weser),2012,0.65638,4,7,2
03256,Nienburg (Weser),2013,0.65373,4,7,2
03256,Nienburg (Weser),2014,0.72697,4,8,2
03256,Nienburg (Weser),2015,0.67335,4,8,2
03256,Nienburg (Weser),2016,0.64699,4,8,2
03256,Nienburg (Weser),2017,0.67839,4,8,2
03256,Nienburg (Weser),2018,0.73474,5,9,3
03256,Nienburg (Weser),2019,0.67648,4,8,2
03256,Nienburg (Weser),2020,0.71278,5,9,3
03256,Nienburg (Weser),2021,0.64379,4,8,2
03257,Schaumburg,1998,0.63836,4,7,2
03257,Schaumburg,1999,0.60764,4,7,2
03257,Schaumburg,2000,0.52281,3,6,2
03257,Schaumburg,2001,0.568,4,7,2
03257,Schaumburg,2002,0.57317,4,7,2
03257,Schaumburg,2003,0.56644,3,6,2
03257,Schaumburg,2004,0.57234,4,7,2
03257,Schaumburg,2005,0.60798,4,7,2
03257,Schaumburg,2006,0.58133,3,6,2
03257,Schaumburg,2007,0.61004,4,7,2
03257,Schaumburg,2008,0.68156,4,7,2
03257,Schaumburg,2009,0.62405,3,6,2
03257,Schaumburg,2010,0.62638,3,6,2
03257,Schaumburg,2011,0.6454,4,7,2
03257,Schaumburg,2012,0.63375,4,7,2
03257,Schaumburg,2013,0.61836,4,7,2
03257,Schaumburg,2014,0.60199,3,6,2
03257,Schaumburg,2015,0.59754,3,6,2
03257,Schaumburg,2016,0.58607,4,7,2
03257,Schaumburg,2017,0.60846,4,7,2
03257,Schaumburg,2018,0.62561,4,7,2
03257,Schaumburg,2019,0.64516,4,7,2
03257,Schaumburg,2020,0.65798,4,8,2
03257,Schaumburg,2021,0.57912,4,7,2
03351,Celle,1998,0.66117,4,8,2
03351,Celle,1999,0.64404,4,8,2
03351,Celle,2000,0.58244,4,8,2
03351,Celle,2001,0.61008,4,8,2
03351,Celle,2002,0.62513,4,8,2
03351,Celle,2003,0.63161,4,8,2
03351,Celle,2004,0.63712,4,8,2
03351,Celle,2005,0.66455,4,8,2
03351,Celle,2006,0.66063,4,8,2
03351,Celle,2007,0.64682,4,7,2
03351,Celle,2008,0.6653,4,7,2
03351,Celle,2009,0.65252,4,7,2
03351,Celle,2010,0.68159,4,7,2
03351,Celle,2011,0.67233,4,7,2
03351,Celle,2012,0.65219,4,7,2
03351,Celle,2013,0.6459,4,7,2
03351,Celle,2014,0.64312,4,7,2
03351,Celle,2015,0.63094,4,7,2
03351,Celle,2016,0.61471,4,7,2
03351,Celle,2017,0.66084,4,8,2
03351,Celle,2018,0.66801,4,8,2
03351,Celle,2019,0.63782,4,7,2
03351,Celle,2020,0.68296,4,8,2
03351,Celle,2021,0.60287,4,7,2
03352,Cuxhaven,1998,0.72545,4,8,2
03352,Cuxhaven,1999,0.7117,4,8,2
03352,Cuxhaven,2000,0.65102,4,8,2
03352,Cuxhaven,2001,0.63384,4,8,2
03352,Cuxhaven,2002,0.66853,4,8,2
03352,Cuxhaven,2003,0.67115,4,8,2
03352,Cuxhaven,2004,0.64732,4,8,2
03352,Cuxhaven,2005,0.69603,4,8,2
03352,Cuxhaven,2006,0.67215,4,8,2
03352,Cuxhaven,2007,0.70522,4,8,2
03352,Cuxhaven,2008,0.70828,4,8,2
03352,Cuxhaven,2009,0.71378,4,8,2
03352,Cuxhaven,2010,0.70476,4,8,2
03352,Cuxhaven,2011,0.70501,4,8,2
03352,Cuxhaven,2012,0.7079,4,8,2
03352,Cuxhaven,2013,0.69538,4,8,2
03352,Cuxhaven,2014,0.70202,4,8,2
03352,Cuxhaven,2015,0.65504,4,7,2
03352,Cuxhaven,2016,0.65972,4,8,2
03352,Cuxhaven,2017,0.67785,4,8,2
03352,Cuxhaven,2018,0.69323,4,8,2
03352,Cuxhaven,2019,0.68451,4,8,2
03352,Cuxhaven,2020,0.67611,4,8,2
03352,Cuxhaven,2021,0.62963,4,8,2
03353,Harburg,1998,0.38087,1,2,1
03353,Harburg,1999,0.38382,1,2,1
03353,Harburg,2000,0.39632,2,3,2
03353,Harburg,2001,0.35491,1,2,1
03353,Harburg,2002,0.35799,1,2,1
03353,Harburg,2003,0.34775,1,2,1
03353,Harburg,2004,0.34285,1,2,1
03353,Harburg,2005,0.38903,1,2,1
03353,Harburg,2006,0.38436,1,2,1
03353,Harburg,2007,0.41247,1,2,1
03353,Harburg,2008,0.46955,2,3,2
03353,Harburg,2009,0.43143,1,2,1
03353,Harburg,2010,0.45835,2,3,2
03353,Harburg,2011,0.44926,2,3,2
03353,Harburg,2012,0.42835,2,3,2
03353,Harburg,2013,0.41559,1,2,1
03353,Harburg,2014,0.4188,1,2,1
03353,Harburg,2015,0.4088,2,3,2
03353,Harburg,2016,0.40116,2,3,2
03353,Harburg,2017,0.41727,2,3,2
03353,Harburg,2018,0.4203,2,3,2
03353,Harburg,2019,0.43998,2,3,2
03353,Harburg,2020,0.45658,2,3,2
03353,Harburg,2021,0.42054,2,3,2
03354,Lüchow-Dannenberg,1998,0.82815,5,10,3
03354,Lüchow-Dannenberg,1999,0.75694,5,9,3
03354,Lüchow-Dannenberg,2000,0.69856,5,9,3
03354,Lüchow-Dannenberg,2001,0.70596,4,8,2
03354,Lüchow-Dannenberg,2002,0.73874,5,9,3
03354,Lüchow-Dannenberg,2003,0.75484,5,9,3
03354,Lüchow-Dannenberg,2004,0.74477,5,9,3
03354,Lüchow-Dannenberg,2005,0.80343,5,9,3
03354,Lüchow-Dannenberg,2006,0.8164,5,9,3
03354,Lüchow-Dannenberg,2007,0.82976,5,10,3
03354,Lüchow-Dannenberg,2008,0.82512,5,9,3
03354,Lüchow-Dannenberg,2009,0.81878,5,9,3
03354,Lüchow-Dannenberg,2010,0.8224,5,9,3
03354,Lüchow-Dannenberg,2011,0.79473,5,9,3
03354,Lüchow-Dannenberg,2012,0.74984,5,9,3
03354,Lüchow-Dannenberg,2013,0.7382,5,9,3
03354,Lüchow-Dannenberg,2014,0.76548,5,9,3
03354,Lüchow-Dannenberg,2015,0.7143,5,9,3
03354,Lüchow-Dannenberg,2016,0.68362,5,9,3
03354,Lüchow-Dannenberg,2017,0.71826,5,9,3
03354,Lüchow-Dannenberg,2018,0.71052,5,9,3
03354,Lüchow-Dannenberg,2019,0.70376,5,9,3
03354,Lüchow-Dannenberg,2020,0.73022,5,9,3
03354,Lüchow-Dannenberg,2021,0.6949,5,9,3
03355,Lüneburg,1998,0.56322,3,6,2
03355,Lüneburg,1999,0.54415,3,6,2
03355,Lüneburg,2000,0.49555,3,6,2
03355,Lüneburg,2001,0.53559,3,6,2
03355,Lüneburg,2002,0.52523,3,5,2
03355,Lüneburg,2003,0.52855,3,5,2
03355,Lüneburg,2004,0.49264,3,5,2
03355,Lüneburg,2005,0.51646,3,5,2
03355,Lüneburg,2006,0.53059,3,5,2
03355,Lüneburg,2007,0.56643,3,6,2
03355,Lüneburg,2008,0.62305,3,6,2
03355,Lüneburg,2009,0.56282,3,5,2
03355,Lüneburg,2010,0.57496,3,5,2
03355,Lüneburg,2011,0.5635,3,5,2
03355,Lüneburg,2012,0.54726,3,5,2
03355,Lüneburg,2013,0.5418,3,5,2
03355,Lüneburg,2014,0.53281,3,5,2
03355,Lüneburg,2015,0.53302,3,5,2
03355,Lüneburg,2016,0.51253,3,5,2
03355,Lüneburg,2017,0.52565,3,5,2
03355,Lüneburg,2018,0.54314,3,5,2
03355,Lüneburg,2019,0.5468,3,5,2
03355,Lüneburg,2020,0.57875,3,6,2
03355,Lüneburg,2021,0.51277,3,5,2
03356,Osterholz,1998,0.57197,3,6,2
03356,Osterholz,1999,0.53617,3,5,2
03356,Osterholz,2000,0.49093,3,5,2
03356,Osterholz,2001,0.48289,3,5,2
03356,Osterholz,2002,0.47556,2,4,2
03356,Osterholz,2003,0.48245,2,4,2
03356,Osterholz,2004,0.45219,2,4,2
03356,Osterholz,2005,0.48984,2,4,2
03356,Osterholz,2006,0.53334,3,5,2
03356,Osterholz,2007,0.55674,3,5,2
03356,Osterholz,2008,0.60949,3,5,2
03356,Osterholz,2009,0.57705,3,5,2
03356,Osterholz,2010,0.57981,3,5,2
03356,Osterholz,2011,0.57378,3,5,2
03356,Osterholz,2012,0.54409,3,5,2
03356,Osterholz,2013,0.56273,3,5,2
03356,Osterholz,2014,0.56382,3,5,2
03356,Osterholz,2015,0.52503,3,5,2
03356,Osterholz,2016,0.49303,2,4,2
03356,Osterholz,2017,0.52229,3,5,2
03356,Osterholz,2018,0.51004,3,5,2
03356,Osterholz,2019,0.51448,3,5,2
03356,Osterholz,2020,0.52014,3,5,2
03356,Osterholz,2021,0.48023,2,4,2
03357,Rotenburg (Wümme),1998,0.62476,4,7,2
03357,Rotenburg (Wümme),1999,0.62083,4,7,2
03357,Rotenburg (Wümme),2000,0.58103,4,8,2
03357,Rotenburg (Wümme),2001,0.58647,4,7,2
03357,Rotenburg (Wümme),2002,0.60562,4,7,2
03357,Rotenburg (Wümme),2003,0.61156,4,7,2
03357,Rotenburg (Wümme),2004,0.59231,4,7,2
03357,Rotenburg (Wümme),2005,0.65359,4,8,2
03357,Rotenburg (Wümme),2006,0.62497,4,7,2
03357,Rotenburg (Wümme),2007,0.6504,4,7,2
03357,Rotenburg (Wümme),2008,0.70843,4,8,2
03357,Rotenburg (Wümme),2009,0.66509,4,7,2
03357,Rotenburg (Wümme),2010,0.63604,4,7,2
03357,Rotenburg (Wümme),2011,0.65227,4,7,2
03357,Rotenburg (Wümme),2012,0.61419,4,7,2
03357,Rotenburg (Wümme),2013,0.60829,3,6,2
03357,Rotenburg (Wümme),2014,0.61752,3,6,2
03357,Rotenburg (Wümme),2015,0.60833,3,6,2
03357,Rotenburg (Wümme),2016,0.58704,4,7,2
03357,Rotenburg (Wümme),2017,0.59835,3,6,2
03357,Rotenburg (Wümme),2018,0.6125,4,7,2
03357,Rotenburg (Wümme),2019,0.61989,4,7,2
03357,Rotenburg (Wümme),2020,0.62902,4,7,2
03357,Rotenburg (Wümme),2021,0.56597,3,6,2
03358,Heidekreis,1998,0.63509,4,7,2
03358,Heidekreis,1999,0.65061,4,8,2
03358,Heidekreis,2000,0.58948,4,8,2
03358,Heidekreis,2001,0.60494,4,8,2
03358,Heidekreis,2002,0.60745,4,7,2
03358,Heidekreis,2003,0.61371,4,7,2
03358,Heidekreis,2004,0.59443,4,7,2
03358,Heidekreis,2005,0.66111,4,8,2
03358,Heidekreis,2006,0.66266,4,8,2
03358,Heidekreis,2007,0.69126,4,8,2
03358,Heidekreis,2008,0.7008,4,7,2
03358,Heidekreis,2009,0.70063,4,8,2
03358,Heidekreis,2010,0.72475,4,8,2
03358,Heidekreis,2011,0.70149,4,8,2
03358,Heidekreis,2012,0.69005,4,8,2
03358,Heidekreis,2013,0.70388,4,8,2
03358,Heidekreis,2014,0.68209,4,8,2
03358,Heidekreis,2015,0.7,4,8,2
03358,Heidekreis,2016,0.67856,4,8,2
03358,Heidekreis,2017,0.67784,4,8,2
03358,Heidekreis,2018,0.69383,4,8,2
03358,Heidekreis,2019,0.67371,4,8,2
03358,Heidekreis,2020,0.70416,5,9,3
03358,Heidekreis,2021,0.66823,5,9,3
03359,Stade,1998,0.50019,2,4,2
03359,Stade,1999,0.51177,2,4,2
03359,Stade,2000,0.47323,3,5,2
03359,Stade,2001,0.45594,2,4,2
03359,Stade,2002,0.47566,2,4,2
03359,Stade,2003,0.44476,2,3,2
03359,Stade,2004,0.44268,2,3,2
03359,Stade,2005,0.50852,2,4,2
03359,Stade,2006,0.49645,2,4,2
03359,Stade,2007,0.53138,3,5,2
03359,Stade,2008,0.55034,2,4,2
03359,Stade,2009,0.53548,2,4,2
03359,Stade,2010,0.53266,2,4,2
03359,Stade,2011,0.54015,3,5,2
03359,Stade,2012,0.53618,3,5,2
03359,Stade,2013,0.54592,3,5,2
03359,Stade,2014,0.53112,3,5,2
03359,Stade,2015,0.52845,3,5,2
03359,Stade,2016,0.53757,3,5,2
03359,Stade,2017,0.5263,3,5,2
03359,Stade,2018,0.5762,3,6,2
03359,Stade,2019,0.55493,3,6,2
03359,Stade,2020,0.59871,4,7,2
03359,Stade,2021,0.55161,3,6,2
03360,Uelzen,1998,0.65955,4,8,2
03360,Uelzen,1999,0.63871,4,8,2
03360,Uelzen,2000,0.65695,4,8,2
03360,Uelzen,2001,0.60303,4,8,2
03360,Uelzen,2002,0.6086,4,7,2
03360,Uelzen,2003,0.65504,4,8,2
03360,Uelzen,2004,0.64261,4,8,2
03360,Uelzen,2005,0.69732,4,8,2
03360,Uelzen,2006,0.68147,4,8,2
03360,Uelzen,2007,0.67204,4,8,2
03360,Uelzen,2008,0.71716,4,8,2
03360,Uelzen,2009,0.68007,4,7,2
03360,Uelzen,2010,0.66992,4,7,2
03360,Uelzen,2011,0.68592,4,8,2
03360,Uelzen,2012,0.67235,4,8,2
03360,Uelzen,2013,0.65578,4,7,2
03360,Uelzen,2014,0.67829,4,7,2
03360,Uelzen,2015,0.6462,4,7,2
03360,Uelzen,2016,0.64074,4,8,2
03360,Uelzen,2017,0.65716,4,8,2
03360,Uelzen,2018,0.66848,4,8,2
03360,Uelzen,2019,0.6852,4,8,2
03360,Uelzen,2020,0.6852,4,8,2
03360,Uelzen,2021,0.6206,4,8,2
03361,Verden,1998,0.53303,3,5,2
03361,Verden,1999,0.52731,3,5,2
03361,Verden,2000,0.43118,2,4,2
03361,Verden,2001,0.42565,2,3,2
03361,Verden,2002,0.43358,2,3,2
03361,Verden,2003,0.46754,2,4,2
03361,Verden,2004,0.42789,2,3,2
03361,Verden,2005,0.51173,3,5,2
03361,Verden,2006,0.47232,2,3,2
03361,Verden,2007,0.53221,3,5,2
03361,Verden,2008,0.53813,2,4,2
03361,Verden,2009,0.51344,2,4,2
03361,Verden,2010,0.52664,2,4,2
03361,Verden,2011,0.53018,2,4,2
03361,Verden,2012,0.51165,2,4,2
03361,Verden,2013,0.52413,2,4,2
03361,Verden,2014,0.50934,2,4,2
03361,Verden,2015,0.52825,3,5,2
03361,Verden,2016,0.50062,3,5,2
03361,Verden,2017,0.51104,3,5,2
03361,Verden,2018,0.50847,2,4,2
03361,Verden,2019,0.51033,3,5,2
03361,Verden,2020,0.52226,3,5,2
03361,Verden,2021,0.50039,3,5,2
03401,"Delmenhorst, Stadt",1998,0.84134,5,10,3
03401,"Delmenhorst, Stadt",1999,0.80917,5,9,3
03401,"Delmenhorst, Stadt",2000,0.73445,5,9,3
03401,"Delmenhorst, Stadt",2001,0.74729,5,9,3
03401,"Delmenhorst, Stadt",2002,0.7419,5,9,3
03401,"Delmenhorst, Stadt",2003,0.75543,5,9,3
03401,"Delmenhorst, Stadt",2004,0.71379,5,9,3
03401,"Delmenhorst, Stadt",2005,0.81926,5,10,3
03401,"Delmenhorst, Stadt",2006,0.80918,5,9,3
03401,"Delmenhorst, Stadt",2007,0.82068,5,9,3
03401,"Delmenhorst, Stadt",2008,0.84954,5,10,3
03401,"Delmenhorst, Stadt",2009,0.82021,5,9,3
03401,"Delmenhorst, Stadt",2010,0.83893,5,10,3
03401,"Delmenhorst, Stadt",2011,0.86695,5,10,3
03401,"Delmenhorst, Stadt",2012,0.84171,5,10,3
03401,"Delmenhorst, Stadt",2013,0.84822,5,10,3
03401,"Delmenhorst, Stadt",2014,0.86521,5,10,3
03401,"Delmenhorst, Stadt",2015,0.83962,5,10,3
03401,"Delmenhorst, Stadt",2016,0.84512,5,10,3
03401,"Delmenhorst, Stadt",2017,0.9247,5,10,3
03401,"Delmenhorst, Stadt",2018,0.91627,5,10,3
03401,"Delmenhorst, Stadt",2019,0.94863,5,10,3
03401,"Delmenhorst, Stadt",2020,0.90776,5,10,3
03401,"Delmenhorst, Stadt",2021,0.85601,5,10,3
03402,"Emden, Stadt",1998,0.60296,4,7,2
03402,"Emden, Stadt",1999,0.607,4,7,2
03402,"Emden, Stadt",2000,0.56752,4,7,2
03402,"Emden, Stadt",2001,0.55528,4,7,2
03402,"Emden, Stadt",2002,0.59086,4,7,2
03402,"Emden, Stadt",2003,0.61851,4,7,2
03402,"Emden, Stadt",2004,0.58916,4,7,2
03402,"Emden, Stadt",2005,0.67501,4,8,2
03402,"Emden, Stadt",2006,0.71147,4,8,2
03402,"Emden, Stadt",2007,0.62331,4,7,2
03402,"Emden, Stadt",2008,0.7073,4,8,2
03402,"Emden, Stadt",2009,0.66,4,7,2
03402,"Emden, Stadt",2010,0.69469,4,8,2
03402,"Emden, Stadt",2011,0.66427,4,7,2
03402,"Emden, Stadt",2012,0.6931,4,8,2
03402,"Emden, Stadt",2013,0.71774,4,8,2
03402,"Emden, Stadt",2014,0.75616,5,9,3
03402,"Emden, Stadt",2015,0.70537,5,9,3
03402,"Emden, Stadt",2016,0.67372,4,8,2
03402,"Emden, Stadt",2017,0.70678,5,9,3
03402,"Emden, Stadt",2018,0.74119,5,9,3
03402,"Emden, Stadt",2019,0.70778,5,9,3
03402,"Emden, Stadt",2020,0.78172,5,10,3
03402,"Emden, Stadt",2021,0.70028,5,9,3
03403,"Oldenburg (Oldenburg), Stadt",1998,0.56592,3,6,2
03403,"Oldenburg (Oldenburg), Stadt",1999,0.56095,3,6,2
03403,"Oldenburg (Oldenburg), Stadt",2000,0.51604,3,6,2
03403,"Oldenburg (Oldenburg), Stadt",2001,0.49973,3,5,2
03403,"Oldenburg (Oldenburg), Stadt",2002,0.48659,2,4,2
03403,"Oldenburg (Oldenburg), Stadt",2003,0.5052,2,4,2
03403,"Oldenburg (Oldenburg), Stadt",2004,0.49198,3,5,2
03403,"Oldenburg (Oldenburg), Stadt",2005,0.53967,3,5,2
03403,"Oldenburg (Oldenburg), Stadt",2006,0.54241,3,5,2
03403,"Oldenburg (Oldenburg), Stadt",2007,0.5638,3,5,2
03403,"Oldenburg (Oldenburg), Stadt",2008,0.62507,3,6,2
03403,"Oldenburg (Oldenburg), Stadt",2009,0.58518,3,5,2
03403,"Oldenburg (Oldenburg), Stadt",2010,0.58873,3,5,2
03403,"Oldenburg (Oldenburg), Stadt",2011,0.56922,3,5,2
03403,"Oldenburg (Oldenburg), Stadt",2012,0.53113,3,5,2
03403,"Oldenburg (Oldenburg), Stadt",2013,0.55009,3,5,2
03403,"Oldenburg (Oldenburg), Stadt",2014,0.5293,3,5,2
03403,"Oldenburg (Oldenburg), Stadt",2015,0.5437,3,5,2
03403,"Oldenburg (Oldenburg), Stadt",2016,0.51185,3,5,2
03403,"Oldenburg (Oldenburg), Stadt",2017,0.5124,3,5,2
03403,"Oldenburg (Oldenburg), Stadt",2018,0.51847,3,5,2
03403,"Oldenburg (Oldenburg), Stadt",2019,0.50795,2,4,2
03403,"Oldenburg (Oldenburg), Stadt",2020,0.54708,3,5,2
03403,"Oldenburg (Oldenburg), Stadt",2021,0.49373,3,5,2
03404,"Osnabrück, Stadt",1998,0.57153,3,6,2
03404,"Osnabrück, Stadt",1999,0.55718,3,6,2
03404,"Osnabrück, Stadt",2000,0.48382,3,5,2
03404,"Osnabrück, Stadt",2001,0.47887,3,5,2
03404,"Osnabrück, Stadt",2002,0.52529,3,5,2
03404,"Osnabrück, Stadt",2003,0.52618,3,5,2
03404,"Osnabrück, Stadt",2004,0.47716,2,4,2
03404,"Osnabrück, Stadt",2005,0.51467,3,5,2
03404,"Osnabrück, Stadt",2006,0.53851,3,5,2
03404,"Osnabrück, Stadt",2007,0.56302,3,5,2
03404,"Osnabrück, Stadt",2008,0.61152,3,6,2
03404,"Osnabrück, Stadt",2009,0.57063,3,5,2
03404,"Osnabrück, Stadt",2010,0.59703,3,6,2
03404,"Osnabrück, Stadt",2011,0.57633,3,5,2
03404,"Osnabrück, Stadt",2012,0.55328,3,5,2
03404,"Osnabrück, Stadt",2013,0.55417,3,5,2
03404,"Osnabrück, Stadt",2014,0.5569,3,5,2
03404,"Osnabrück, Stadt",2015,0.58147,3,6,2
03404,"Osnabrück, Stadt",2016,0.53965,3,5,2
03404,"Osnabrück, Stadt",2017,0.54908,3,5,2
03404,"Osnabrück, Stadt",2018,0.55654,3,6,2
03404,"Osnabrück, Stadt",2019,0.58142,3,6,2
03404,"Osnabrück, Stadt",2020,0.60162,4,7,2
03404,"Osnabrück, Stadt",2021,0.56745,3,6,2
03405,"Wilhelmshaven, Stadt",1998,0.80802,5,9,3
03405,"Wilhelmshaven, Stadt",1999,0.82769,5,9,3
03405,"Wilhelmshaven, Stadt",2000,0.6946,5,9,3
03405,"Wilhelmshaven, Stadt",2001,0.72705,5,9,3
03405,"Wilhelmshaven, Stadt",2002,0.68057,4,8,2
03405,"Wilhelmshaven, Stadt",2003,0.70705,5,9,3
03405,"Wilhelmshaven, Stadt",2004,0.68339,4,8,2
03405,"Wilhelmshaven, Stadt",2005,0.75051,5,9,3
03405,"Wilhelmshaven, Stadt",2006,0.81516,5,9,3
03405,"Wilhelmshaven, Stadt",2007,0.76243,5,9,3
03405,"Wilhelmshaven, Stadt",2008,0.82402,5,9,3
03405,"Wilhelmshaven, Stadt",2009,0.84208,5,10,3
03405,"Wilhelmshaven, Stadt",2010,0.84639,5,10,3
03405,"Wilhelmshaven, Stadt",2011,0.82615,5,10,3
03405,"Wilhelmshaven, Stadt",2012,0.82724,5,10,3
03405,"Wilhelmshaven, Stadt",2013,0.84635,5,10,3
03405,"Wilhelmshaven, Stadt",2014,0.84799,5,10,3
03405,"Wilhelmshaven, Stadt",2015,0.80926,5,10,3
03405,"Wilhelmshaven, Stadt",2016,0.77473,5,10,3
03405,"Wilhelmshaven, Stadt",2017,0.80405,5,10,3
03405,"Wilhelmshaven, Stadt",2018,0.84276,5,10,3
03405,"Wilhelmshaven, Stadt",2019,0.86121,5,10,3
03405,"Wilhelmshaven, Stadt",2020,0.85313,5,10,3
03405,"Wilhelmshaven, Stadt",2021,0.78799,5,10,3
03451,Ammerland,1998,0.57112,3,6,2
03451,Ammerland,1999,0.54266,3,5,2
03451,Ammerland,2000,0.54612,4,7,2
03451,Ammerland,2001,0.55363,4,7,2
03451,Ammerland,2002,0.5663,3,6,2
03451,Ammerland,2003,0.55796,3,6,2
03451,Ammerland,2004,0.57492,4,7,2
03451,Ammerland,2005,0.60581,4,7,2
03451,Ammerland,2006,0.58937,3,6,2
03451,Ammerland,2007,0.59275,3,6,2
03451,Ammerland,2008,0.67208,4,7,2
03451,Ammerland,2009,0.60871,3,6,2
03451,Ammerland,2010,0.61098,3,6,2
03451,Ammerland,2011,0.58758,3,6,2
03451,Ammerland,2012,0.54189,3,5,2
03451,Ammerland,2013,0.53194,3,5,2
03451,Ammerland,2014,0.54456,3,5,2
03451,Ammerland,2015,0.5297,3,5,2
03451,Ammerland,2016,0.50973,3,5,2
03451,Ammerland,2017,0.53219,3,5,2
03451,Ammerland,2018,0.50835,2,4,2
03451,Ammerland,2019,0.54849,3,5,2
03451,Ammerland,2020,0.54492,3,5,2
03451,Ammerland,2021,0.51727,3,5,2
03452,Aurich,1998,0.7645,5,9,3
03452,Aurich,1999,0.74196,4,8,2
03452,Aurich,2000,0.72463,5,9,3
03452,Aurich,2001,0.72241,5,9,3
03452,Aurich,2002,0.78053,5,10,3
03452,Aurich,2003,0.77284,5,10,3
03452,Aurich,2004,0.75731,5,9,3
03452,Aurich,2005,0.81514,5,10,3
03452,Aurich,2006,0.82356,5,10,3
03452,Aurich,2007,0.80097,5,9,3
03452,Aurich,2008,0.85833,5,10,3
03452,Aurich,2009,0.8107,5,9,3
03452,Aurich,2010,0.82499,5,9,3
03452,Aurich,2011,0.8084,5,9,3
03452,Aurich,2012,0.78236000000000006,5,9,3
03452,Aurich,2013,0.7831,5,9,3
03452,Aurich,2014,0.78839,5,9,3
03452,Aurich,2015,0.73082,5,9,3
03452,Aurich,2016,0.7242,5,9,3
03452,Aurich,2017,0.73361,5,9,3
03452,Aurich,2018,0.75405,5,9,3
03452,Aurich,2019,0.74109,5,9,3
03452,Aurich,2020,0.76158,5,10,3
03452,Aurich,2021,0.70355,5,9,3
03453,Cloppenburg,1998,0.81319,5,9,3
03453,Cloppenburg,1999,0.75717,5,9,3
03453,Cloppenburg,2000,0.72173,5,9,3
03453,Cloppenburg,2001,0.71939,5,9,3
03453,Cloppenburg,2002,0.75039,5,9,3
03453,Cloppenburg,2003,0.74412,5,9,3
03453,Cloppenburg,2004,0.71374,5,9,3
03453,Cloppenburg,2005,0.78158,5,9,3
03453,Cloppenburg,2006,0.77505,5,9,3
03453,Cloppenburg,2007,0.7871,5,9,3
03453,Cloppenburg,2008,0.82391,5,9,3
03453,Cloppenburg,2009,0.78395,5,9,3
03453,Cloppenburg,2010,0.78468,5,9,3
03453,Cloppenburg,2011,0.79021,5,9,3
03453,Cloppenburg,2012,0.75853,5,9,3
03453,Cloppenburg,2013,0.7481,5,9,3
03453,Cloppenburg,2014,0.75121,5,9,3
03453,Cloppenburg,2015,0.7307,5,9,3
03453,Cloppenburg,2016,0.70994,5,9,3
03453,Cloppenburg,2017,0.74658,5,9,3
03453,Cloppenburg,2018,0.74381,5,9,3
03453,Cloppenburg,2019,0.76019,5,10,3
03453,Cloppenburg,2020,0.76393,5,10,3
03453,Cloppenburg,2021,0.69806,5,9,3
03454,Emsland,1998,0.60781,4,7,2
03454,Emsland,1999,0.59453,4,7,2
03454,Emsland,2000,0.56225,4,7,2
03454,Emsland,2001,0.56338,4,7,2
03454,Emsland,2002,0.56633,4,7,2
03454,Emsland,2003,0.57959,4,7,2
03454,Emsland,2004,0.55559,3,6,2
03454,Emsland,2005,0.58266,3,6,2
03454,Emsland,2006,0.57872,3,6,2
03454,Emsland,2007,0.61179,4,7,2
03454,Emsland,2008,0.6205,3,6,2
03454,Emsland,2009,0.60489,3,6,2
03454,Emsland,2010,0.6085,3,6,2
03454,Emsland,2011,0.59031,3,6,2
03454,Emsland,2012,0.57252,3,6,2
03454,Emsland,2013,0.57158,3,6,2
03454,Emsland,2014,0.58438,3,6,2
03454,Emsland,2015,0.575,3,6,2
03454,Emsland,2016,0.57496,3,6,2
03454,Emsland,2017,0.5852,3,6,2
03454,Emsland,2018,0.57514,3,6,2
03454,Emsland,2019,0.58152,3,6,2
03454,Emsland,2020,0.59935,4,7,2
03454,Emsland,2021,0.56012,3,6,2
03455,Friesland,1998,0.67106,4,8,2
03455,Friesland,1999,0.6974,4,8,2
03455,Friesland,2000,0.608,4,8,2
03455,Friesland,2001,0.6264,4,8,2
03455,Friesland,2002,0.63333,4,8,2
03455,Friesland,2003,0.63748,4,8,2
03455,Friesland,2004,0.61073,4,8,2
03455,Friesland,2005,0.6636,4,8,2
03455,Friesland,2006,0.63951,4,7,2
03455,Friesland,2007,0.67612,4,8,2
03455,Friesland,2008,0.67882,4,7,2
03455,Friesland,2009,0.67756,4,7,2
03455,Friesland,2010,0.66154,4,7,2
03455,Friesland,2011,0.65797,4,7,2
03455,Friesland,2012,0.64757,4,7,2
03455,Friesland,2013,0.61376,4,7,2
03455,Friesland,2014,0.62018,3,6,2
03455,Friesland,2015,0.59854,3,6,2
03455,Friesland,2016,0.57417,3,6,2
03455,Friesland,2017,0.63932,4,7,2
03455,Friesland,2018,0.65003,4,7,2
03455,Friesland,2019,0.61805,4,7,2
03455,Friesland,2020,0.58875,3,6,2
03455,Friesland,2021,0.57518,4,7,2
03456,Grafschaft Bentheim,1998,0.63794,4,7,2
03456,Grafschaft Bentheim,1999,0.66637,4,8,2
03456,Grafschaft Bentheim,2000,0.60658,4,8,2
03456,Grafschaft Bentheim,2001,0.64345,4,8,2
03456,Grafschaft Bentheim,2002,0.62216,4,8,2
03456,Grafschaft Bentheim,2003,0.63302,4,8,2
03456,Grafschaft Bentheim,2004,0.64002,4,8,2
03456,Grafschaft Bentheim,2005,0.66781,4,8,2
03456,Grafschaft Bentheim,2006,0.67353,4,8,2
03456,Grafschaft Bentheim,2007,0.64614,4,7,2
03456,Grafschaft Bentheim,2008,0.68288,4,7,2
03456,Grafschaft Bentheim,2009,0.69717,4,8,2
03456,Grafschaft Bentheim,2010,0.73393,4,8,2
03456,Grafschaft Bentheim,2011,0.68498,4,8,2
03456,Grafschaft Bentheim,2012,0.66829,4,8,2
03456,Grafschaft Bentheim,2013,0.67002,4,8,2
03456,Grafschaft Bentheim,2014,0.65995,4,7,2
03456,Grafschaft Bentheim,2015,0.6734,4,8,2
03456,Grafschaft Bentheim,2016,0.63149,4,7,2
03456,Grafschaft Bentheim,2017,0.63682,4,7,2
03456,Grafschaft Bentheim,2018,0.63602,4,7,2
03456,Grafschaft Bentheim,2019,0.62801,4,7,2
03456,Grafschaft Bentheim,2020,0.66418,4,8,2
03456,Grafschaft Bentheim,2021,0.60395,4,7,2
03457,Leer,1998,0.75103,4,8,2
03457,Leer,1999,0.76912,5,9,3
03457,Leer,2000,0.69732,5,9,3
03457,Leer,2001,0.72277,5,9,3
03457,Leer,2002,0.73886,5,9,3
03457,Leer,2003,0.7361,5,9,3
03457,Leer,2004,0.73486,5,9,3
03457,Leer,2005,0.75937,5,9,3
03457,Leer,2006,0.79395,5,9,3
03457,Leer,2007,0.77842,5,9,3
03457,Leer,2008,0.84381,5,9,3
03457,Leer,2009,0.78697,5,9,3
03457,Leer,2010,0.80599,5,9,3
03457,Leer,2011,0.81422,5,9,3
03457,Leer,2012,0.79215,5,9,3
03457,Leer,2013,0.77606,5,9,3
03457,Leer,2014,0.77484,5,9,3
03457,Leer,2015,0.76786,5,10,3
03457,Leer,2016,0.74463,5,10,3
03457,Leer,2017,0.77066,5,10,3
03457,Leer,2018,0.74303,5,9,3
03457,Leer,2019,0.73262,5,9,3
03457,Leer,2020,0.75138,5,10,3
03457,Leer,2021,0.70297,5,9,3
03458,Oldenburg,1998,0.55971,3,6,2
03458,Oldenburg,1999,0.54598,3,6,2
03458,Oldenburg,2000,0.51713,3,6,2
03458,Oldenburg,2001,0.52373,3,6,2
03458,Oldenburg,2002,0.48301,2,4,2
03458,Oldenburg,2003,0.51715,3,5,2
03458,Oldenburg,2004,0.50962,3,5,2
03458,Oldenburg,2005,0.52403,3,5,2
03458,Oldenburg,2006,0.55112,3,5,2
03458,Oldenburg,2007,0.56497,3,6,2
03458,Oldenburg,2008,0.61498,3,6,2
03458,Oldenburg,2009,0.60641,3,6,2
03458,Oldenburg,2010,0.61778,3,6,2
03458,Oldenburg,2011,0.60027,3,6,2
03458,Oldenburg,2012,0.57759,3,6,2
03458,Oldenburg,2013,0.56439,3,6,2
03458,Oldenburg,2014,0.56793,3,5,2
03458,Oldenburg,2015,0.54421,3,5,2
03458,Oldenburg,2016,0.53407,3,5,2
03458,Oldenburg,2017,0.5729,3,6,2
03458,Oldenburg,2018,0.55642,3,6,2
03458,Oldenburg,2019,0.54034,3,5,2
03458,Oldenburg,2020,0.56434,3,6,2
03458,Oldenburg,2021,0.53976,3,6,2
03459,Osnabrück,1998,0.57626,3,6,2
03459,Osnabrück,1999,0.54308,3,5,2
03459,Osnabrück,2000,0.50014,3,6,2
03459,Osnabrück,2001,0.51559,3,6,2
03459,Osnabrück,2002,0.56722,4,7,2
03459,Osnabrück,2003,0.57189,4,7,2
03459,Osnabrück,2004,0.51657,3,5,2
03459,Osnabrück,2005,0.57678,3,6,2
03459,Osnabrück,2006,0.59176,3,6,2
03459,Osnabrück,2007,0.59709,3,6,2
03459,Osnabrück,2008,0.6375,3,6,2
03459,Osnabrück,2009,0.61373,3,6,2
03459,Osnabrück,2010,0.63169,3,6,2
03459,Osnabrück,2011,0.60863,3,6,2
03459,Osnabrück,2012,0.58943,3,6,2
03459,Osnabrück,2013,0.57861,3,6,2
03459,Osnabrück,2014,0.59667,3,6,2
03459,Osnabrück,2015,0.5869,3,6,2
03459,Osnabrück,2016,0.54736,3,6,2
03459,Osnabrück,2017,0.57581,3,6,2
03459,Osnabrück,2018,0.57435,3,6,2
03459,Osnabrück,2019,0.56531,3,6,2
03459,Osnabrück,2020,0.58263,3,6,2
03459,Osnabrück,2021,0.54148,3,6,2
03460,Vechta,1998,0.60731,4,7,2
03460,Vechta,1999,0.58347,4,7,2
03460,Vechta,2000,0.55755999999999994,4,7,2
03460,Vechta,2001,0.57533,4,7,2
03460,Vechta,2002,0.59343,4,7,2
03460,Vechta,2003,0.60857000000000006,4,7,2
03460,Vechta,2004,0.55475,3,6,2
03460,Vechta,2005,0.6111,4,7,2
03460,Vechta,2006,0.60604,4,7,2
03460,Vechta,2007,0.63353,4,7,2
03460,Vechta,2008,0.6659,4,7,2
03460,Vechta,2009,0.64095,4,7,2
03460,Vechta,2010,0.66541,4,7,2
03460,Vechta,2011,0.62815,4,7,2
03460,Vechta,2012,0.63037,4,7,2
03460,Vechta,2013,0.59171,3,6,2
03460,Vechta,2014,0.62098,3,6,2
03460,Vechta,2015,0.61069,3,6,2
03460,Vechta,2016,0.59118,4,7,2
03460,Vechta,2017,0.63578,4,7,2
03460,Vechta,2018,0.63067,4,7,2
03460,Vechta,2019,0.60979,4,7,2
03460,Vechta,2020,0.62884,4,7,2
03460,Vechta,2021,0.58761,4,7,2
03461,Wesermarsch,1998,0.60138,4,7,2
03461,Wesermarsch,1999,0.57157,3,6,2
03461,Wesermarsch,2000,0.53253,4,7,2
03461,Wesermarsch,2001,0.52548,3,6,2
03461,Wesermarsch,2002,0.53995,3,6,2
03461,Wesermarsch,2003,0.55898,3,6,2
03461,Wesermarsch,2004,0.53301,3,6,2
03461,Wesermarsch,2005,0.58666,3,6,2
03461,Wesermarsch,2006,0.57985,3,6,2
03461,Wesermarsch,2007,0.58408,3,6,2
03461,Wesermarsch,2008,0.64032,3,6,2
03461,Wesermarsch,2009,0.6128,3,6,2
03461,Wesermarsch,2010,0.61297,3,6,2
03461,Wesermarsch,2011,0.62965,4,7,2
03461,Wesermarsch,2012,0.60218,3,6,2
03461,Wesermarsch,2013,0.6253,4,7,2
03461,Wesermarsch,2014,0.63973,4,7,2
03461,Wesermarsch,2015,0.62211,4,7,2
03461,Wesermarsch,2016,0.57966,3,6,2
03461,Wesermarsch,2017,0.59345,3,6,2
03461,Wesermarsch,2018,0.62505,4,7,2
03461,Wesermarsch,2019,0.5917,3,6,2
03461,Wesermarsch,2020,0.62475,4,7,2
03461,Wesermarsch,2021,0.59593,4,7,2
03462,Wittmund,1998,0.72449,4,8,2
03462,Wittmund,1999,0.716,4,8,2
03462,Wittmund,2000,0.66545,4,8,2
03462,Wittmund,2001,0.70179,4,8,2
03462,Wittmund,2002,0.76394,5,9,3
03462,Wittmund,2003,0.78308,5,10,3
03462,Wittmund,2004,0.71038,5,9,3
03462,Wittmund,2005,0.78512,5,9,3
03462,Wittmund,2006,0.7666,5,9,3
03462,Wittmund,2007,0.79625,5,9,3
03462,Wittmund,2008,0.84827,5,10,3
03462,Wittmund,2009,0.7519,5,9,3
03462,Wittmund,2010,0.76553,5,9,3
03462,Wittmund,2011,0.79383,5,9,3
03462,Wittmund,2012,0.73028,5,9,3
03462,Wittmund,2013,0.72285,5,9,3
03462,Wittmund,2014,0.71833,4,8,2
03462,Wittmund,2015,0.73079,5,9,3
03462,Wittmund,2016,0.69782,5,9,3
03462,Wittmund,2017,0.71284,5,9,3
03462,Wittmund,2018,0.70469,5,9,3
03462,Wittmund,2019,0.70763,5,9,3
03462,Wittmund,2020,0.71725,5,9,3
03462,Wittmund,2021,0.6681,5,9,3
04011,"Bremen, Stadt",1998,0.58613,3,6,2
04011,"Bremen, Stadt",1999,0.5474,3,6,2
04011,"Bremen, Stadt",2000,0.49996,3,6,2
04011,"Bremen, Stadt",2001,0.49319,3,5,2
04011,"Bremen, Stadt",2002,0.49002,2,4,2
04011,"Bremen, Stadt",2003,0.50077,2,4,2
04011,"Bremen, Stadt",2004,0.52455,3,5,2
04011,"Bremen, Stadt",2005,0.53789,3,5,2
04011,"Bremen, Stadt",2006,0.52478,3,5,2
04011,"Bremen, Stadt",2007,0.55091,3,5,2
04011,"Bremen, Stadt",2008,0.56959,2,4,2
04011,"Bremen, Stadt",2009,0.5595,3,5,2
04011,"Bremen, Stadt",2010,0.56659,3,5,2
04011,"Bremen, Stadt",2011,0.58472,3,6,2
04011,"Bremen, Stadt",2012,0.56745,3,6,2
04011,"Bremen, Stadt",2013,0.56248,3,5,2
04011,"Bremen, Stadt",2014,0.58446,3,6,2
04011,"Bremen, Stadt",2015,0.56836,3,6,2
04011,"Bremen, Stadt",2016,0.55583,3,6,2
04011,"Bremen, Stadt",2017,0.59574,3,6,2
04011,"Bremen, Stadt",2018,0.60986,3,6,2
04011,"Bremen, Stadt",2019,0.6225,4,7,2
04011,"Bremen, Stadt",2020,0.63762,4,7,2
04011,"Bremen, Stadt",2021,0.61134,4,7,2
04012,"Bremerhaven, Stadt",1998,0.92977,5,10,3
04012,"Bremerhaven, Stadt",1999,0.88698,5,10,3
04012,"Bremerhaven, Stadt",2000,0.77365,5,9,3
04012,"Bremerhaven, Stadt",2001,0.83966,5,10,3
04012,"Bremerhaven, Stadt",2002,0.8504,5,10,3
04012,"Bremerhaven, Stadt",2003,0.86906,5,10,3
04012,"Bremerhaven, Stadt",2004,0.87764,5,10,3
04012,"Bremerhaven, Stadt",2005,0.90738,5,10,3
04012,"Bremerhaven, Stadt",2006,0.93069,5,10,3
04012,"Bremerhaven, Stadt",2007,0.94307,5,10,3
04012,"Bremerhaven, Stadt",2008,0.95867,5,10,3
04012,"Bremerhaven, Stadt",2009,0.92952,5,10,3
04012,"Bremerhaven, Stadt",2010,0.94148,5,10,3
04012,"Bremerhaven, Stadt",2011,0.92849,5,10,3
04012,"Bremerhaven, Stadt",2012,0.8823,5,10,3
04012,"Bremerhaven, Stadt",2013,0.90369,5,10,3
04012,"Bremerhaven, Stadt",2014,0.92418,5,10,3
04012,"Bremerhaven, Stadt",2015,0.95012,5,10,3
04012,"Bremerhaven, Stadt",2016,0.91491,5,10,3
04012,"Bremerhaven, Stadt",2017,0.94236,5,10,3
04012,"Bremerhaven, Stadt",2018,0.97329,5,10,3
04012,"Bremerhaven, Stadt",2019,0.96384,5,10,3
04012,"Bremerhaven, Stadt",2020,0.99098,5,10,3
04012,"Bremerhaven, Stadt",2021,0.96523,5,10,3
05111,"Düsseldorf, Stadt",1998,0.34147,1,1,1
05111,"Düsseldorf, Stadt",1999,0.3385,1,1,1
05111,"Düsseldorf, Stadt",2000,0.27159,1,1,1
05111,"Düsseldorf, Stadt",2001,0.30168,1,1,1
05111,"Düsseldorf, Stadt",2002,0.33831,1,2,1
05111,"Düsseldorf, Stadt",2003,0.33722,1,1,1
05111,"Düsseldorf, Stadt",2004,0.31323,1,1,1
05111,"Düsseldorf, Stadt",2005,0.37641,1,2,1
05111,"Düsseldorf, Stadt",2006,0.385,1,2,1
05111,"Düsseldorf, Stadt",2007,0.41271,1,2,1
05111,"Düsseldorf, Stadt",2008,0.43289,1,2,1
05111,"Düsseldorf, Stadt",2009,0.42973,1,2,1
05111,"Düsseldorf, Stadt",2010,0.42087,1,2,1
05111,"Düsseldorf, Stadt",2011,0.3951,1,2,1
05111,"Düsseldorf, Stadt",2012,0.35526,1,1,1
05111,"Düsseldorf, Stadt",2013,0.37238,1,2,1
05111,"Düsseldorf, Stadt",2014,0.37707,1,2,1
05111,"Düsseldorf, Stadt",2015,0.32733,1,1,1
05111,"Düsseldorf, Stadt",2016,0.30758,1,1,1
05111,"Düsseldorf, Stadt",2017,0.28812,1,1,1
05111,"Düsseldorf, Stadt",2018,0.30519,1,1,1
05111,"Düsseldorf, Stadt",2019,0.30146,1,1,1
05111,"Düsseldorf, Stadt",2020,0.28596,1,1,1
05111,"Düsseldorf, Stadt",2021,0.26958,1,1,1
05112,"Duisburg, Stadt",1998,0.80337,5,9,3
05112,"Duisburg, Stadt",1999,0.78949,5,9,3
05112,"Duisburg, Stadt",2000,0.69607,5,9,3
05112,"Duisburg, Stadt",2001,0.7408,5,9,3
05112,"Duisburg, Stadt",2002,0.75671,5,9,3
05112,"Duisburg, Stadt",2003,0.73946,5,9,3
05112,"Duisburg, Stadt",2004,0.73682,5,9,3
05112,"Duisburg, Stadt",2005,0.79087,5,9,3
05112,"Duisburg, Stadt",2006,0.82105,5,10,3
05112,"Duisburg, Stadt",2007,0.84874,5,10,3
05112,"Duisburg, Stadt",2008,0.88256,5,10,3
05112,"Duisburg, Stadt",2009,0.85752,5,10,3
05112,"Duisburg, Stadt",2010,0.87824,5,10,3
05112,"Duisburg, Stadt",2011,0.87846,5,10,3
05112,"Duisburg, Stadt",2012,0.85155,5,10,3
05112,"Duisburg, Stadt",2013,0.87424,5,10,3
05112,"Duisburg, Stadt",2014,0.89024,5,10,3
05112,"Duisburg, Stadt",2015,0.86373,5,10,3
05112,"Duisburg, Stadt",2016,0.84901,5,10,3
05112,"Duisburg, Stadt",2017,0.89104,5,10,3
05112,"Duisburg, Stadt",2018,0.91397,5,10,3
05112,"Duisburg, Stadt",2019,0.90685,5,10,3
05112,"Duisburg, Stadt",2020,0.89898,5,10,3
05112,"Duisburg, Stadt",2021,0.87855,5,10,3
05113,"Essen, Stadt",1998,0.52196,2,4,2
05113,"Essen, Stadt",1999,0.51943,3,5,2
05113,"Essen, Stadt",2000,0.44065,2,4,2
05113,"Essen, Stadt",2001,0.46651,2,4,2
05113,"Essen, Stadt",2002,0.48694,2,4,2
05113,"Essen, Stadt",2003,0.49611,2,4,2
05113,"Essen, Stadt",2004,0.50714,3,5,2
05113,"Essen, Stadt",2005,0.56001,3,6,2
05113,"Essen, Stadt",2006,0.56846,3,6,2
05113,"Essen, Stadt",2007,0.60578,3,6,2
05113,"Essen, Stadt",2008,0.65415,4,7,2
05113,"Essen, Stadt",2009,0.63547,4,7,2
05113,"Essen, Stadt",2010,0.63947,4,7,2
05113,"Essen, Stadt",2011,0.62888,4,7,2
05113,"Essen, Stadt",2012,0.60075,3,6,2
05113,"Essen, Stadt",2013,0.63997,4,7,2
05113,"Essen, Stadt",2014,0.67958,4,8,2
05113,"Essen, Stadt",2015,0.63448,4,7,2
05113,"Essen, Stadt",2016,0.63103,4,7,2
05113,"Essen, Stadt",2017,0.65513,4,8,2
05113,"Essen, Stadt",2018,0.65594,4,7,2
05113,"Essen, Stadt",2019,0.65375,4,8,2
05113,"Essen, Stadt",2020,0.64558,4,8,2
05113,"Essen, Stadt",2021,0.6109,4,7,2
05114,"Krefeld, Stadt",1998,0.59527,4,7,2
05114,"Krefeld, Stadt",1999,0.57813,3,6,2
05114,"Krefeld, Stadt",2000,0.51137,3,6,2
05114,"Krefeld, Stadt",2001,0.55761,4,7,2
05114,"Krefeld, Stadt",2002,0.56035,3,6,2
05114,"Krefeld, Stadt",2003,0.56808,4,7,2
05114,"Krefeld, Stadt",2004,0.55804,4,7,2
05114,"Krefeld, Stadt",2005,0.59259,4,7,2
05114,"Krefeld, Stadt",2006,0.63449,4,7,2
05114,"Krefeld, Stadt",2007,0.68053,4,8,2
05114,"Krefeld, Stadt",2008,0.73337,4,8,2
05114,"Krefeld, Stadt",2009,0.67596,4,7,2
05114,"Krefeld, Stadt",2010,0.69617,4,8,2
05114,"Krefeld, Stadt",2011,0.65408,4,7,2
05114,"Krefeld, Stadt",2012,0.65338,4,7,2
05114,"Krefeld, Stadt",2013,0.68352,4,8,2
05114,"Krefeld, Stadt",2014,0.7062,4,8,2
05114,"Krefeld, Stadt",2015,0.68967,4,8,2
05114,"Krefeld, Stadt",2016,0.66989,4,8,2
05114,"Krefeld, Stadt",2017,0.68719,4,8,2
05114,"Krefeld, Stadt",2018,0.73969,5,9,3
05114,"Krefeld, Stadt",2019,0.69985,5,9,3
05114,"Krefeld, Stadt",2020,0.71956,5,9,3
05114,"Krefeld, Stadt",2021,0.69379,5,9,3
05116,"Mönchengladbach, Stadt",1998,0.65876,4,8,2
05116,"Mönchengladbach, Stadt",1999,0.65116,4,8,2
05116,"Mönchengladbach, Stadt",2000,0.55368,4,7,2
05116,"Mönchengladbach, Stadt",2001,0.61294,4,8,2
05116,"Mönchengladbach, Stadt",2002,0.60726,4,7,2
05116,"Mönchengladbach, Stadt",2003,0.61611,4,7,2
05116,"Mönchengladbach, Stadt",2004,0.60625,4,7,2
05116,"Mönchengladbach, Stadt",2005,0.65608,4,8,2
05116,"Mönchengladbach, Stadt",2006,0.70843,4,8,2
05116,"Mönchengladbach, Stadt",2007,0.75665,5,9,3
05116,"Mönchengladbach, Stadt",2008,0.77471,5,9,3
05116,"Mönchengladbach, Stadt",2009,0.75808,5,9,3
05116,"Mönchengladbach, Stadt",2010,0.78141,5,9,3
05116,"Mönchengladbach, Stadt",2011,0.77159,5,9,3
05116,"Mönchengladbach, Stadt",2012,0.75143,5,9,3
05116,"Mönchengladbach, Stadt",2013,0.80824,5,10,3
05116,"Mönchengladbach, Stadt",2014,0.80098,5,9,3
05116,"Mönchengladbach, Stadt",2015,0.79385,5,10,3
05116,"Mönchengladbach, Stadt",2016,0.7521,5,10,3
05116,"Mönchengladbach, Stadt",2017,0.7844,5,10,3
05116,"Mönchengladbach, Stadt",2018,0.81577,5,10,3
05116,"Mönchengladbach, Stadt",2019,0.79536,5,10,3
05116,"Mönchengladbach, Stadt",2020,0.79231,5,10,3
05116,"Mönchengladbach, Stadt",2021,0.75912,5,10,3
05117,"Mülheim an der Ruhr, Stadt",1998,0.40286,1,2,1
05117,"Mülheim an der Ruhr, Stadt",1999,0.38801,1,2,1
05117,"Mülheim an der Ruhr, Stadt",2000,0.3412,1,2,1
05117,"Mülheim an der Ruhr, Stadt",2001,0.34741,1,2,1
05117,"Mülheim an der Ruhr, Stadt",2002,0.35363,1,2,1
05117,"Mülheim an der Ruhr, Stadt",2003,0.3796,1,2,1
05117,"Mülheim an der Ruhr, Stadt",2004,0.36691,1,2,1
05117,"Mülheim an der Ruhr, Stadt",2005,0.39536,1,2,1
05117,"Mülheim an der Ruhr, Stadt",2006,0.42204,2,3,2
05117,"Mülheim an der Ruhr, Stadt",2007,0.49207,2,4,2
05117,"Mülheim an der Ruhr, Stadt",2008,0.48778,2,3,2
05117,"Mülheim an der Ruhr, Stadt",2009,0.48318,2,3,2
05117,"Mülheim an der Ruhr, Stadt",2010,0.50754,2,3,2
05117,"Mülheim an der Ruhr, Stadt",2011,0.48545,2,3,2
05117,"Mülheim an der Ruhr, Stadt",2012,0.48067,2,3,2
05117,"Mülheim an der Ruhr, Stadt",2013,0.50053,2,4,2
05117,"Mülheim an der Ruhr, Stadt",2014,0.50299,2,4,2
05117,"Mülheim an der Ruhr, Stadt",2015,0.50871,2,4,2
05117,"Mülheim an der Ruhr, Stadt",2016,0.49152,2,4,2
05117,"Mülheim an der Ruhr, Stadt",2017,0.50295,2,4,2
05117,"Mülheim an der Ruhr, Stadt",2018,0.51857,3,5,2
05117,"Mülheim an der Ruhr, Stadt",2019,0.5193,3,5,2
05117,"Mülheim an der Ruhr, Stadt",2020,0.51126,3,5,2
05117,"Mülheim an der Ruhr, Stadt",2021,0.49095,3,5,2
05119,"Oberhausen, Stadt",1998,0.69104,4,8,2
05119,"Oberhausen, Stadt",1999,0.67203,4,8,2
05119,"Oberhausen, Stadt",2000,0.60597,4,8,2
05119,"Oberhausen, Stadt",2001,0.64887,4,8,2
05119,"Oberhausen, Stadt",2002,0.66935,4,8,2
05119,"Oberhausen, Stadt",2003,0.66251,4,8,2
05119,"Oberhausen, Stadt",2004,0.6686,4,8,2
05119,"Oberhausen, Stadt",2005,0.68516,4,8,2
05119,"Oberhausen, Stadt",2006,0.75489,5,9,3
05119,"Oberhausen, Stadt",2007,0.75522,5,9,3
05119,"Oberhausen, Stadt",2008,0.80649,5,9,3
05119,"Oberhausen, Stadt",2009,0.77698,5,9,3
05119,"Oberhausen, Stadt",2010,0.78787,5,9,3
05119,"Oberhausen, Stadt",2011,0.8054,5,9,3
05119,"Oberhausen, Stadt",2012,0.76353,5,9,3
05119,"Oberhausen, Stadt",2013,0.7967,5,9,3
05119,"Oberhausen, Stadt",2014,0.79326,5,9,3
05119,"Oberhausen, Stadt",2015,0.80218,5,10,3
05119,"Oberhausen, Stadt",2016,0.77624,5,10,3
05119,"Oberhausen, Stadt",2017,0.79991,5,10,3
05119,"Oberhausen, Stadt",2018,0.83268,5,10,3
05119,"Oberhausen, Stadt",2019,0.815,5,10,3
05119,"Oberhausen, Stadt",2020,0.81617,5,10,3
05119,"Oberhausen, Stadt",2021,0.7538,5,10,3
05120,"Remscheid, Stadt",1998,0.59879,4,7,2
05120,"Remscheid, Stadt",1999,0.57371,3,6,2
05120,"Remscheid, Stadt",2000,0.51395,3,6,2
05120,"Remscheid, Stadt",2001,0.56519,4,7,2
05120,"Remscheid, Stadt",2002,0.52366,3,5,2
05120,"Remscheid, Stadt",2003,0.53299,3,5,2
05120,"Remscheid, Stadt",2004,0.54526,3,6,2
05120,"Remscheid, Stadt",2005,0.5983,4,7,2
05120,"Remscheid, Stadt",2006,0.64168,4,7,2
05120,"Remscheid, Stadt",2007,0.65103,4,7,2
05120,"Remscheid, Stadt",2008,0.70888,4,8,2
05120,"Remscheid, Stadt",2009,0.68228,4,8,2
05120,"Remscheid, Stadt",2010,0.70588,4,8,2
05120,"Remscheid, Stadt",2011,0.68631,4,8,2
05120,"Remscheid, Stadt",2012,0.66358,4,8,2
05120,"Remscheid, Stadt",2013,0.67749,4,8,2
05120,"Remscheid, Stadt",2014,0.7396,5,9,3
05120,"Remscheid, Stadt",2015,0.70659,5,9,3
05120,"Remscheid, Stadt",2016,0.68636,5,9,3
05120,"Remscheid, Stadt",2017,0.70264,5,9,3
05120,"Remscheid, Stadt",2018,0.68876,4,8,2
05120,"Remscheid, Stadt",2019,0.71902,5,9,3
05120,"Remscheid, Stadt",2020,0.70937,5,9,3
05120,"Remscheid, Stadt",2021,0.67691,5,9,3
05122,"Solingen, Klingenstadt",1998,0.65632,4,8,2
05122,"Solingen, Klingenstadt",1999,0.63202,4,7,2
05122,"Solingen, Klingenstadt",2000,0.56164,4,7,2
05122,"Solingen, Klingenstadt",2001,0.58768,4,7,2
05122,"Solingen, Klingenstadt",2002,0.60107,4,7,2
05122,"Solingen, Klingenstadt",2003,0.6076,4,7,2
05122,"Solingen, Klingenstadt",2004,0.599,4,7,2
05122,"Solingen, Klingenstadt",2005,0.64291,4,7,2
05122,"Solingen, Klingenstadt",2006,0.65891,4,7,2
05122,"Solingen, Klingenstadt",2007,0.7049,4,8,2
05122,"Solingen, Klingenstadt",2008,0.71423,4,8,2
05122,"Solingen, Klingenstadt",2009,0.6999,4,8,2
05122,"Solingen, Klingenstadt",2010,0.72265,4,8,2
05122,"Solingen, Klingenstadt",2011,0.69704,4,8,2
05122,"Solingen, Klingenstadt",2012,0.65531,4,7,2
05122,"Solingen, Klingenstadt",2013,0.71054,4,8,2
05122,"Solingen, Klingenstadt",2014,0.75311,5,9,3
05122,"Solingen, Klingenstadt",2015,0.71594,5,9,3
05122,"Solingen, Klingenstadt",2016,0.6843,5,9,3
05122,"Solingen, Klingenstadt",2017,0.72087,5,9,3
05122,"Solingen, Klingenstadt",2018,0.71963,5,9,3
05122,"Solingen, Klingenstadt",2019,0.71986000000000006,5,9,3
05122,"Solingen, Klingenstadt",2020,0.72051,5,9,3
05122,"Solingen, Klingenstadt",2021,0.68367,5,9,3
05124,"Wuppertal, Stadt",1998,0.6735,4,8,2
05124,"Wuppertal, Stadt",1999,0.67416,4,8,2
05124,"Wuppertal, Stadt",2000,0.5802,4,8,2
05124,"Wuppertal, Stadt",2001,0.63795,4,8,2
05124,"Wuppertal, Stadt",2002,0.63619,4,8,2
05124,"Wuppertal, Stadt",2003,0.64929,4,8,2
05124,"Wuppertal, Stadt",2004,0.66343,4,8,2
05124,"Wuppertal, Stadt",2005,0.67474,4,8,2
05124,"Wuppertal, Stadt",2006,0.7324,4,8,2
05124,"Wuppertal, Stadt",2007,0.77,5,9,3
05124,"Wuppertal, Stadt",2008,0.81812,5,9,3
05124,"Wuppertal, Stadt",2009,0.79107,5,9,3
05124,"Wuppertal, Stadt",2010,0.79796,5,9,3
05124,"Wuppertal, Stadt",2011,0.77006,5,9,3
05124,"Wuppertal, Stadt",2012,0.7874,5,9,3
05124,"Wuppertal, Stadt",2013,0.80468,5,10,3
05124,"Wuppertal, Stadt",2014,0.81109,5,10,3
05124,"Wuppertal, Stadt",2015,0.76775,5,9,3
05124,"Wuppertal, Stadt",2016,0.72135,5,9,3
05124,"Wuppertal, Stadt",2017,0.76532,5,10,3
05124,"Wuppertal, Stadt",2018,0.76484,5,9,3
05124,"Wuppertal, Stadt",2019,0.77078,5,10,3
05124,"Wuppertal, Stadt",2020,0.76851,5,10,3
05124,"Wuppertal, Stadt",2021,0.73896,5,10,3
05154,Kleve,1998,0.59895,4,7,2
05154,Kleve,1999,0.61223,4,7,2
05154,Kleve,2000,0.50978,3,6,2
05154,Kleve,2001,0.51552,3,6,2
05154,Kleve,2002,0.53517,3,6,2
05154,Kleve,2003,0.57139,4,7,2
05154,Kleve,2004,0.56365,4,7,2
05154,Kleve,2005,0.60584,4,7,2
05154,Kleve,2006,0.63138,4,7,2
05154,Kleve,2007,0.64537,4,7,2
05154,Kleve,2008,0.69204,4,7,2
05154,Kleve,2009,0.68118,4,8,2
05154,Kleve,2010,0.68997,4,8,2
05154,Kleve,2011,0.67526,4,7,2
05154,Kleve,2012,0.66538,4,8,2
05154,Kleve,2013,0.70773,4,8,2
05154,Kleve,2014,0.72431,4,8,2
05154,Kleve,2015,0.69856,4,8,2
05154,Kleve,2016,0.69067,5,9,3
05154,Kleve,2017,0.702,5,9,3
05154,Kleve,2018,0.69201,4,8,2
05154,Kleve,2019,0.67275,4,8,2
05154,Kleve,2020,0.67927,4,8,2
05154,Kleve,2021,0.63324,4,8,2
05158,Mettmann,1998,0.34953,1,1,1
05158,Mettmann,1999,0.35326,1,2,1
05158,Mettmann,2000,0.28429,1,1,1
05158,Mettmann,2001,0.31675,1,2,1
05158,Mettmann,2002,0.3418,1,2,1
05158,Mettmann,2003,0.34841,1,2,1
05158,Mettmann,2004,0.33464,1,2,1
05158,Mettmann,2005,0.36846,1,2,1
05158,Mettmann,2006,0.38948,1,2,1
05158,Mettmann,2007,0.42746,2,3,2
05158,Mettmann,2008,0.46981,2,3,2
05158,Mettmann,2009,0.45018,2,3,2
05158,Mettmann,2010,0.45483,2,3,2
05158,Mettmann,2011,0.4513,2,3,2
05158,Mettmann,2012,0.41701,2,3,2
05158,Mettmann,2013,0.45886,2,3,2
05158,Mettmann,2014,0.43376,2,3,2
05158,Mettmann,2015,0.44194,2,3,2
05158,Mettmann,2016,0.40919,2,3,2
05158,Mettmann,2017,0.42323,2,3,2
05158,Mettmann,2018,0.43048,2,3,2
05158,Mettmann,2019,0.42378,2,3,2
05158,Mettmann,2020,0.42757,2,3,2
05158,Mettmann,2021,0.4114,2,3,2
05162,Rhein-Kreis Neuss,1998,0.36104,1,2,1
05162,Rhein-Kreis Neuss,1999,0.35681,1,2,1
05162,Rhein-Kreis Neuss,2000,0.29866,1,1,1
05162,Rhein-Kreis Neuss,2001,0.33305,1,2,1
05162,Rhein-Kreis Neuss,2002,0.36546,1,2,1
05162,Rhein-Kreis Neuss,2003,0.36632,1,2,1
05162,Rhein-Kreis Neuss,2004,0.35839,1,2,1
05162,Rhein-Kreis Neuss,2005,0.37424,1,2,1
05162,Rhein-Kreis Neuss,2006,0.38891,1,2,1
05162,Rhein-Kreis Neuss,2007,0.42506,2,3,2
05162,Rhein-Kreis Neuss,2008,0.46802,2,3,2
05162,Rhein-Kreis Neuss,2009,0.45101,2,3,2
05162,Rhein-Kreis Neuss,2010,0.455,2,3,2
05162,Rhein-Kreis Neuss,2011,0.44606,2,3,2
05162,Rhein-Kreis Neuss,2012,0.42535,2,3,2
05162,Rhein-Kreis Neuss,2013,0.45643,2,3,2
05162,Rhein-Kreis Neuss,2014,0.45819,2,3,2
05162,Rhein-Kreis Neuss,2015,0.42277,2,3,2
05162,Rhein-Kreis Neuss,2016,0.40169,2,3,2
05162,Rhein-Kreis Neuss,2017,0.41121,2,3,2
05162,Rhein-Kreis Neuss,2018,0.43275,2,3,2
05162,Rhein-Kreis Neuss,2019,0.42583,2,3,2
05162,Rhein-Kreis Neuss,2020,0.43675,2,3,2
05162,Rhein-Kreis Neuss,2021,0.40298,2,3,2
05166,Viersen,1998,0.52364,3,5,2
05166,Viersen,1999,0.49251,2,4,2
05166,Viersen,2000,0.41138,2,3,2
05166,Viersen,2001,0.43886,2,4,2
05166,Viersen,2002,0.48364,2,4,2
05166,Viersen,2003,0.46792,2,4,2
05166,Viersen,2004,0.45463,2,4,2
05166,Viersen,2005,0.50491,2,4,2
05166,Viersen,2006,0.51363,2,4,2
05166,Viersen,2007,0.54589,3,5,2
05166,Viersen,2008,0.58843,3,5,2
05166,Viersen,2009,0.56965,3,5,2
05166,Viersen,2010,0.58471,3,5,2
05166,Viersen,2011,0.58047,3,6,2
05166,Viersen,2012,0.56243,3,6,2
05166,Viersen,2013,0.59656,3,6,2
05166,Viersen,2014,0.58802,3,6,2
05166,Viersen,2015,0.55742,3,5,2
05166,Viersen,2016,0.55117,3,6,2
05166,Viersen,2017,0.56322,3,6,2
05166,Viersen,2018,0.55769,3,6,2
05166,Viersen,2019,0.56324,3,6,2
05166,Viersen,2020,0.56487,3,6,2
05166,Viersen,2021,0.52302,3,5,2
05170,Wesel,1998,0.52804,3,5,2
05170,Wesel,1999,0.52724,3,5,2
05170,Wesel,2000,0.44833,2,4,2
05170,Wesel,2001,0.47862,3,5,2
05170,Wesel,2002,0.46963,2,4,2
05170,Wesel,2003,0.48398,2,4,2
05170,Wesel,2004,0.48322,2,4,2
05170,Wesel,2005,0.50856,2,4,2
05170,Wesel,2006,0.53923,3,5,2
05170,Wesel,2007,0.58039,3,6,2
05170,Wesel,2008,0.61691,3,6,2
05170,Wesel,2009,0.60031,3,6,2
05170,Wesel,2010,0.60638,3,6,2
05170,Wesel,2011,0.59991,3,6,2
05170,Wesel,2012,0.58972,3,6,2
05170,Wesel,2013,0.61979,4,7,2
05170,Wesel,2014,0.62923,4,7,2
05170,Wesel,2015,0.61227,4,7,2
05170,Wesel,2016,0.58464,3,6,2
05170,Wesel,2017,0.5978,3,6,2
05170,Wesel,2018,0.60968,3,6,2
05170,Wesel,2019,0.59984,4,7,2
05170,Wesel,2020,0.59219,3,6,2
05170,Wesel,2021,0.57016,4,7,2
05314,"Bonn, Stadt",1998,0.26818,1,1,1
05314,"Bonn, Stadt",1999,0.2718,1,1,1
05314,"Bonn, Stadt",2000,0.20503,1,1,1
05314,"Bonn, Stadt",2001,0.2198,1,1,1
05314,"Bonn, Stadt",2002,0.25817,1,1,1
05314,"Bonn, Stadt",2003,0.26075,1,1,1
05314,"Bonn, Stadt",2004,0.23372,1,1,1
05314,"Bonn, Stadt",2005,0.26657,1,1,1
05314,"Bonn, Stadt",2006,0.30923,1,1,1
05314,"Bonn, Stadt",2007,0.33743,1,1,1
05314,"Bonn, Stadt",2008,0.37471,1,1,1
05314,"Bonn, Stadt",2009,0.3409,1,1,1
05314,"Bonn, Stadt",2010,0.3445,1,1,1
05314,"Bonn, Stadt",2011,0.30748,1,1,1
05314,"Bonn, Stadt",2012,0.30396,1,1,1
05314,"Bonn, Stadt",2013,0.31039,1,1,1
05314,"Bonn, Stadt",2014,0.30921,1,1,1
05314,"Bonn, Stadt",2015,0.30132,1,1,1
05314,"Bonn, Stadt",2016,0.29742,1,1,1
05314,"Bonn, Stadt",2017,0.29415,1,1,1
05314,"Bonn, Stadt",2018,0.29793,1,1,1
05314,"Bonn, Stadt",2019,0.31164,1,1,1
05314,"Bonn, Stadt",2020,0.31163,1,1,1
05314,"Bonn, Stadt",2021,0.31213,1,1,1
05315,"Köln, Stadt",1998,0.45114,2,3,2
05315,"Köln, Stadt",1999,0.43972,2,3,2
05315,"Köln, Stadt",2000,0.35585,1,2,1
05315,"Köln, Stadt",2001,0.37658,2,3,2
05315,"Köln, Stadt",2002,0.42416,2,3,2
05315,"Köln, Stadt",2003,0.42659,2,3,2
05315,"Köln, Stadt",2004,0.41542,2,3,2
05315,"Köln, Stadt",2005,0.47033,2,4,2
05315,"Köln, Stadt",2006,0.49194,2,4,2
05315,"Köln, Stadt",2007,0.52596,2,4,2
05315,"Köln, Stadt",2008,0.54635,2,4,2
05315,"Köln, Stadt",2009,0.50538,2,3,2
05315,"Köln, Stadt",2010,0.52584,2,4,2
05315,"Köln, Stadt",2011,0.51408,2,4,2
05315,"Köln, Stadt",2012,0.46938,2,3,2
05315,"Köln, Stadt",2013,0.48683,2,3,2
05315,"Köln, Stadt",2014,0.4813,2,3,2
05315,"Köln, Stadt",2015,0.46241,2,3,2
05315,"Köln, Stadt",2016,0.43602,2,3,2
05315,"Köln, Stadt",2017,0.42505,2,3,2
05315,"Köln, Stadt",2018,0.43901,2,3,2
05315,"Köln, Stadt",2019,0.44174,2,3,2
05315,"Köln, Stadt",2020,0.43373,2,3,2
05315,"Köln, Stadt",2021,0.41203,2,3,2
05316,"Leverkusen, Stadt",1998,0.40282,1,2,1
05316,"Leverkusen, Stadt",1999,0.40259,1,2,1
05316,"Leverkusen, Stadt",2000,0.32114,1,2,1
05316,"Leverkusen, Stadt",2001,0.34637,1,2,1
05316,"Leverkusen, Stadt",2002,0.40958,2,3,2
05316,"Leverkusen, Stadt",2003,0.43831,2,3,2
05316,"Leverkusen, Stadt",2004,0.41102,2,3,2
05316,"Leverkusen, Stadt",2005,0.46414,2,3,2
05316,"Leverkusen, Stadt",2006,0.49184,2,4,2
05316,"Leverkusen, Stadt",2007,0.50858,2,4,2
05316,"Leverkusen, Stadt",2008,0.54645,2,4,2
05316,"Leverkusen, Stadt",2009,0.50342,2,3,2
05316,"Leverkusen, Stadt",2010,0.52295,2,4,2
05316,"Leverkusen, Stadt",2011,0.48177,2,3,2
05316,"Leverkusen, Stadt",2012,0.4631,2,3,2
05316,"Leverkusen, Stadt",2013,0.54372,3,5,2
05316,"Leverkusen, Stadt",2014,0.52032,2,4,2
05316,"Leverkusen, Stadt",2015,0.52192,3,5,2
05316,"Leverkusen, Stadt",2016,0.48855,2,4,2
05316,"Leverkusen, Stadt",2017,0.49746,2,4,2
05316,"Leverkusen, Stadt",2018,0.51743,3,5,2
05316,"Leverkusen, Stadt",2019,0.51241,3,5,2
05316,"Leverkusen, Stadt",2020,0.52169,3,5,2
05316,"Leverkusen, Stadt",2021,0.5161,3,5,2
05334,Städteregion Aachen,1998,0.58,3,6,2
05334,Städteregion Aachen,1999,0.56335,3,6,2
05334,Städteregion Aachen,2000,0.48507,3,5,2
05334,Städteregion Aachen,2001,0.50422,3,5,2
05334,Städteregion Aachen,2002,0.52823,3,5,2
05334,Städteregion Aachen,2003,0.53975,3,6,2
05334,Städteregion Aachen,2004,0.53722,3,6,2
05334,Städteregion Aachen,2005,0.59219,4,7,2
05334,Städteregion Aachen,2006,0.61759,4,7,2
05334,Städteregion Aachen,2007,0.64532,4,7,2
05334,Städteregion Aachen,2008,0.67694,4,7,2
05334,Städteregion Aachen,2009,0.64566,4,7,2
05334,Städteregion Aachen,2010,0.65944,4,7,2
05334,Städteregion Aachen,2011,0.6274,4,7,2
05334,Städteregion Aachen,2012,0.58403,3,6,2
05334,Städteregion Aachen,2013,0.61373,3,6,2
05334,Städteregion Aachen,2014,0.61493,3,6,2
05334,Städteregion Aachen,2015,0.6008,3,6,2
05334,Städteregion Aachen,2016,0.57234,3,6,2
05334,Städteregion Aachen,2017,0.57664,3,6,2
05334,Städteregion Aachen,2018,0.60083,3,6,2
05334,Städteregion Aachen,2019,0.59798,3,6,2
05334,Städteregion Aachen,2020,0.58342,3,6,2
05334,Städteregion Aachen,2021,0.56573,3,6,2
05358,Düren,1998,0.58141,3,6,2
05358,Düren,1999,0.57945,3,6,2
05358,Düren,2000,0.51726,3,6,2
05358,Düren,2001,0.56152,4,7,2
05358,Düren,2002,0.58607,4,7,2
05358,Düren,2003,0.57603,4,7,2
05358,Düren,2004,0.58321,4,7,2
05358,Düren,2005,0.62043,4,7,2
05358,Düren,2006,0.64248,4,7,2
05358,Düren,2007,0.6585,4,7,2
05358,Düren,2008,0.6888,4,7,2
05358,Düren,2009,0.66984,4,7,2
05358,Düren,2010,0.70449,4,8,2
05358,Düren,2011,0.67428,4,7,2
05358,Düren,2012,0.6483,4,7,2
05358,Düren,2013,0.6842,4,8,2
05358,Düren,2014,0.68442,4,8,2
05358,Düren,2015,0.68669,4,8,2
05358,Düren,2016,0.64839,4,8,2
05358,Düren,2017,0.67348,4,8,2
05358,Düren,2018,0.70378,5,9,3
05358,Düren,2019,0.67416,4,8,2
05358,Düren,2020,0.68098,4,8,2
05358,Düren,2021,0.63398,4,8,2
05362,Rhein-Erft-Kreis,1998,0.45164,2,3,2
05362,Rhein-Erft-Kreis,1999,0.44823,2,3,2
05362,Rhein-Erft-Kreis,2000,0.37469,2,3,2
05362,Rhein-Erft-Kreis,2001,0.41084,2,3,2
05362,Rhein-Erft-Kreis,2002,0.43154,2,3,2
05362,Rhein-Erft-Kreis,2003,0.44167,2,3,2
05362,Rhein-Erft-Kreis,2004,0.43828,2,3,2
05362,Rhein-Erft-Kreis,2005,0.47707,2,4,2
05362,Rhein-Erft-Kreis,2006,0.51206,2,4,2
05362,Rhein-Erft-Kreis,2007,0.55229,3,5,2
05362,Rhein-Erft-Kreis,2008,0.57415,3,5,2
05362,Rhein-Erft-Kreis,2009,0.5694,3,5,2
05362,Rhein-Erft-Kreis,2010,0.57555,3,5,2
05362,Rhein-Erft-Kreis,2011,0.56294,3,5,2
05362,Rhein-Erft-Kreis,2012,0.54016,3,5,2
05362,Rhein-Erft-Kreis,2013,0.55818,3,5,2
05362,Rhein-Erft-Kreis,2014,0.57368,3,6,2
05362,Rhein-Erft-Kreis,2015,0.53834,3,5,2
05362,Rhein-Erft-Kreis,2016,0.52882,3,5,2
05362,Rhein-Erft-Kreis,2017,0.5341,3,5,2
05362,Rhein-Erft-Kreis,2018,0.54392,3,5,2
05362,Rhein-Erft-Kreis,2019,0.53401,3,5,2
05362,Rhein-Erft-Kreis,2020,0.52875,3,5,2
05362,Rhein-Erft-Kreis,2021,0.50111000000000006,3,5,2
05366,Euskirchen,1998,0.5538,3,5,2
05366,Euskirchen,1999,0.55202,3,6,2
05366,Euskirchen,2000,0.48898,3,5,2
05366,Euskirchen,2001,0.493,3,5,2
05366,Euskirchen,2002,0.5312,3,5,2
05366,Euskirchen,2003,0.53748,3,6,2
05366,Euskirchen,2004,0.5316,3,6,2
05366,Euskirchen,2005,0.56307,3,6,2
05366,Euskirchen,2006,0.58072,3,6,2
05366,Euskirchen,2007,0.62821,4,7,2
05366,Euskirchen,2008,0.66493,4,7,2
05366,Euskirchen,2009,0.66558,4,7,2
05366,Euskirchen,2010,0.64995,4,7,2
05366,Euskirchen,2011,0.65035,4,7,2
05366,Euskirchen,2012,0.63684,4,7,2
05366,Euskirchen,2013,0.66816,4,7,2
05366,Euskirchen,2014,0.68255999999999994,4,8,2
05366,Euskirchen,2015,0.6592,4,8,2
05366,Euskirchen,2016,0.62317,4,7,2
05366,Euskirchen,2017,0.63161,4,7,2
05366,Euskirchen,2018,0.66079,4,8,2
05366,Euskirchen,2019,0.64705,4,7,2
05366,Euskirchen,2020,0.63403,4,7,2
05366,Euskirchen,2021,0.60798,4,7,2
05370,Heinsberg,1998,0.70397,4,8,2
05370,Heinsberg,1999,0.68852,4,8,2
05370,Heinsberg,2000,0.63219,4,8,2
05370,Heinsberg,2001,0.65747,4,8,2
05370,Heinsberg,2002,0.66877,4,8,2
05370,Heinsberg,2003,0.67236,4,8,2
05370,Heinsberg,2004,0.68228,4,8,2
05370,Heinsberg,2005,0.72109,4,8,2
05370,Heinsberg,2006,0.73662,5,9,3
05370,Heinsberg,2007,0.77084,5,9,3
05370,Heinsberg,2008,0.81534,5,9,3
05370,Heinsberg,2009,0.79218,5,9,3
05370,Heinsberg,2010,0.7948,5,9,3
05370,Heinsberg,2011,0.76826,5,9,3
05370,Heinsberg,2012,0.7558,5,9,3
05370,Heinsberg,2013,0.75794,5,9,3
05370,Heinsberg,2014,0.76661,5,9,3
05370,Heinsberg,2015,0.74359,5,9,3
05370,Heinsberg,2016,0.72089,5,9,3
05370,Heinsberg,2017,0.71479,5,9,3
05370,Heinsberg,2018,0.72125,5,9,3
05370,Heinsberg,2019,0.69348,5,9,3
05370,Heinsberg,2020,0.71292,5,9,3
05370,Heinsberg,2021,0.66859,5,9,3
05374,Oberbergischer Kreis,1998,0.54803,3,5,2
05374,Oberbergischer Kreis,1999,0.54165,3,5,2
05374,Oberbergischer Kreis,2000,0.4949,3,6,2
05374,Oberbergischer Kreis,2001,0.51877,3,6,2
05374,Oberbergischer Kreis,2002,0.54829,3,6,2
05374,Oberbergischer Kreis,2003,0.54799,3,6,2
05374,Oberbergischer Kreis,2004,0.53723,3,6,2
05374,Oberbergischer Kreis,2005,0.57073,3,6,2
05374,Oberbergischer Kreis,2006,0.58507,3,6,2
05374,Oberbergischer Kreis,2007,0.5945,3,6,2
05374,Oberbergischer Kreis,2008,0.62531,3,6,2
05374,Oberbergischer Kreis,2009,0.62291,3,6,2
05374,Oberbergischer Kreis,2010,0.63632,4,7,2
05374,Oberbergischer Kreis,2011,0.61363,3,6,2
05374,Oberbergischer Kreis,2012,0.55747,3,5,2
05374,Oberbergischer Kreis,2013,0.6047,3,6,2
05374,Oberbergischer Kreis,2014,0.59688,3,6,2
05374,Oberbergischer Kreis,2015,0.58108,3,6,2
05374,Oberbergischer Kreis,2016,0.56228,3,6,2
05374,Oberbergischer Kreis,2017,0.57052,3,6,2
05374,Oberbergischer Kreis,2018,0.56083,3,6,2
05374,Oberbergischer Kreis,2019,0.56504,3,6,2
05374,Oberbergischer Kreis,2020,0.56411,3,6,2
05374,Oberbergischer Kreis,2021,0.54647,3,6,2
05378,Rheinisch-Bergischer Kreis,1998,0.34006,1,1,1
05378,Rheinisch-Bergischer Kreis,1999,0.33245,1,1,1
05378,Rheinisch-Bergischer Kreis,2000,0.26947,1,1,1
05378,Rheinisch-Bergischer Kreis,2001,0.24863,1,1,1
05378,Rheinisch-Bergischer Kreis,2002,0.27784,1,1,1
05378,Rheinisch-Bergischer Kreis,2003,0.29571,1,1,1
05378,Rheinisch-Bergischer Kreis,2004,0.28431,1,1,1
05378,Rheinisch-Bergischer Kreis,2005,0.32158,1,1,1
05378,Rheinisch-Bergischer Kreis,2006,0.33897,1,1,1
05378,Rheinisch-Bergischer Kreis,2007,0.38137,1,2,1
05378,Rheinisch-Bergischer Kreis,2008,0.41849,1,2,1
05378,Rheinisch-Bergischer Kreis,2009,0.42182,1,2,1
05378,Rheinisch-Bergischer Kreis,2010,0.41275,1,2,1
05378,Rheinisch-Bergischer Kreis,2011,0.41208,1,2,1
05378,Rheinisch-Bergischer Kreis,2012,0.41218,1,2,1
05378,Rheinisch-Bergischer Kreis,2013,0.41811,1,2,1
05378,Rheinisch-Bergischer Kreis,2014,0.41602,1,2,1
05378,Rheinisch-Bergischer Kreis,2015,0.41902,2,3,2
05378,Rheinisch-Bergischer Kreis,2016,0.41325,2,3,2
05378,Rheinisch-Bergischer Kreis,2017,0.40356,1,2,1
05378,Rheinisch-Bergischer Kreis,2018,0.42936,2,3,2
05378,Rheinisch-Bergischer Kreis,2019,0.42744,2,3,2
05378,Rheinisch-Bergischer Kreis,2020,0.41638,2,3,2
05378,Rheinisch-Bergischer Kreis,2021,0.39977,2,3,2
05382,Rhein-Sieg-Kreis,1998,0.44921,2,3,2
05382,Rhein-Sieg-Kreis,1999,0.4438,2,3,2
05382,Rhein-Sieg-Kreis,2000,0.38572,2,3,2
05382,Rhein-Sieg-Kreis,2001,0.38835,2,3,2
05382,Rhein-Sieg-Kreis,2002,0.40907,2,3,2
05382,Rhein-Sieg-Kreis,2003,0.41537,2,3,2
05382,Rhein-Sieg-Kreis,2004,0.41568,2,3,2
05382,Rhein-Sieg-Kreis,2005,0.44567,2,3,2
05382,Rhein-Sieg-Kreis,2006,0.47251,2,4,2
05382,Rhein-Sieg-Kreis,2007,0.4978,2,4,2
05382,Rhein-Sieg-Kreis,2008,0.56511,2,4,2
05382,Rhein-Sieg-Kreis,2009,0.53303,2,4,2
05382,Rhein-Sieg-Kreis,2010,0.52499,2,4,2
05382,Rhein-Sieg-Kreis,2011,0.51886,2,4,2
05382,Rhein-Sieg-Kreis,2012,0.50031,2,4,2
05382,Rhein-Sieg-Kreis,2013,0.53584,3,5,2
05382,Rhein-Sieg-Kreis,2014,0.52743,2,4,2
05382,Rhein-Sieg-Kreis,2015,0.51018,2,4,2
05382,Rhein-Sieg-Kreis,2016,0.48287,2,4,2
05382,Rhein-Sieg-Kreis,2017,0.49964,2,4,2
05382,Rhein-Sieg-Kreis,2018,0.49963,2,4,2
05382,Rhein-Sieg-Kreis,2019,0.50355,2,4,2
05382,Rhein-Sieg-Kreis,2020,0.49865,2,4,2
05382,Rhein-Sieg-Kreis,2021,0.47153,2,4,2
05512,"Bottrop, Stadt",1998,0.6204,4,7,2
05512,"Bottrop, Stadt",1999,0.61883,4,7,2
05512,"Bottrop, Stadt",2000,0.52609,3,6,2
05512,"Bottrop, Stadt",2001,0.56208,4,7,2
05512,"Bottrop, Stadt",2002,0.58999,4,7,2
05512,"Bottrop, Stadt",2003,0.59157,4,7,2
05512,"Bottrop, Stadt",2004,0.60916,4,7,2
05512,"Bottrop, Stadt",2005,0.64433,4,7,2
05512,"Bottrop, Stadt",2006,0.62789,4,7,2
05512,"Bottrop, Stadt",2007,0.68346,4,8,2
05512,"Bottrop, Stadt",2008,0.75231,4,8,2
05512,"Bottrop, Stadt",2009,0.69747,4,8,2
05512,"Bottrop, Stadt",2010,0.69985,4,8,2
05512,"Bottrop, Stadt",2011,0.69291,4,8,2
05512,"Bottrop, Stadt",2012,0.7011,4,8,2
05512,"Bottrop, Stadt",2013,0.68546,4,8,2
05512,"Bottrop, Stadt",2014,0.68008,4,8,2
05512,"Bottrop, Stadt",2015,0.67746,4,8,2
05512,"Bottrop, Stadt",2016,0.64787,4,8,2
05512,"Bottrop, Stadt",2017,0.68316,4,8,2
05512,"Bottrop, Stadt",2018,0.67864,4,8,2
05512,"Bottrop, Stadt",2019,0.67793,4,8,2
05512,"Bottrop, Stadt",2020,0.6647,4,8,2
05512,"Bottrop, Stadt",2021,0.65152,4,8,2
05513,"Gelsenkirchen, Stadt",1998,0.80241,5,9,3
05513,"Gelsenkirchen, Stadt",1999,0.82896,5,10,3
05513,"Gelsenkirchen, Stadt",2000,0.76043,5,9,3
05513,"Gelsenkirchen, Stadt",2001,0.78735,5,9,3
05513,"Gelsenkirchen, Stadt",2002,0.77721,5,10,3
05513,"Gelsenkirchen, Stadt",2003,0.78714,5,10,3
05513,"Gelsenkirchen, Stadt",2004,0.82765,5,10,3
05513,"Gelsenkirchen, Stadt",2005,0.86298,5,10,3
05513,"Gelsenkirchen, Stadt",2006,0.87979,5,10,3
05513,"Gelsenkirchen, Stadt",2007,0.91545,5,10,3
05513,"Gelsenkirchen, Stadt",2008,0.94844,5,10,3
05513,"Gelsenkirchen, Stadt",2009,0.91057,5,10,3
05513,"Gelsenkirchen, Stadt",2010,0.94554,5,10,3
05513,"Gelsenkirchen, Stadt",2011,0.94775,5,10,3
05513,"Gelsenkirchen, Stadt",2012,0.91396,5,10,3
05513,"Gelsenkirchen, Stadt",2013,0.95566,5,10,3
05513,"Gelsenkirchen, Stadt",2014,1,5,10,3
05513,"Gelsenkirchen, Stadt",2015,0.97855,5,10,3
05513,"Gelsenkirchen, Stadt",2016,1,5,10,3
05513,"Gelsenkirchen, Stadt",2017,1,5,10,3
05513,"Gelsenkirchen, Stadt",2018,1,5,10,3
05513,"Gelsenkirchen, Stadt",2019,1,5,10,3
05513,"Gelsenkirchen, Stadt",2020,1,5,10,3
05513,"Gelsenkirchen, Stadt",2021,1,5,10,3
05515,"Münster, Stadt",1998,0.29139,1,1,1
05515,"Münster, Stadt",1999,0.29436,1,1,1
05515,"Münster, Stadt",2000,0.22974,1,1,1
05515,"Münster, Stadt",2001,0.2402,1,1,1
05515,"Münster, Stadt",2002,0.27172,1,1,1
05515,"Münster, Stadt",2003,0.2726,1,1,1
05515,"Münster, Stadt",2004,0.25579,1,1,1
05515,"Münster, Stadt",2005,0.26881,1,1,1
05515,"Münster, Stadt",2006,0.30803,1,1,1
05515,"Münster, Stadt",2007,0.35167,1,2,1
05515,"Münster, Stadt",2008,0.36389,1,1,1
05515,"Münster, Stadt",2009,0.3775,1,2,1
05515,"Münster, Stadt",2010,0.35782,1,1,1
05515,"Münster, Stadt",2011,0.38718,1,2,1
05515,"Münster, Stadt",2012,0.35569,1,1,1
05515,"Münster, Stadt",2013,0.37064,1,2,1
05515,"Münster, Stadt",2014,0.35372,1,1,1
05515,"Münster, Stadt",2015,0.36616,1,2,1
05515,"Münster, Stadt",2016,0.3497,1,2,1
05515,"Münster, Stadt",2017,0.35347,1,2,1
05515,"Münster, Stadt",2018,0.38141,1,2,1
05515,"Münster, Stadt",2019,0.37955,1,2,1
05515,"Münster, Stadt",2020,0.36783,1,2,1
05515,"Münster, Stadt",2021,0.35098,1,2,1
05554,Borken,1998,0.49616,2,4,2
05554,Borken,1999,0.51141,2,4,2
05554,Borken,2000,0.46428,3,5,2
05554,Borken,2001,0.48884,3,5,2
05554,Borken,2002,0.50016,3,5,2
05554,Borken,2003,0.50949,3,5,2
05554,Borken,2004,0.52599,3,6,2
05554,Borken,2005,0.5346,3,5,2
05554,Borken,2006,0.55829,3,5,2
05554,Borken,2007,0.55718,3,5,2
05554,Borken,2008,0.62859,3,6,2
05554,Borken,2009,0.61673,3,6,2
05554,Borken,2010,0.61653,3,6,2
05554,Borken,2011,0.59204,3,6,2
05554,Borken,2012,0.58242,3,6,2
05554,Borken,2013,0.6091,3,6,2
05554,Borken,2014,0.60615,3,6,2
05554,Borken,2015,0.58869,3,6,2
05554,Borken,2016,0.57004,3,6,2
05554,Borken,2017,0.58841,3,6,2
05554,Borken,2018,0.57258,3,6,2
05554,Borken,2019,0.56252,3,6,2
05554,Borken,2020,0.55958,3,6,2
05554,Borken,2021,0.53411,3,6,2
05558,Coesfeld,1998,0.38085,1,2,1
05558,Coesfeld,1999,0.38841,1,2,1
05558,Coesfeld,2000,0.34022,1,2,1
05558,Coesfeld,2001,0.35029,1,2,1
05558,Coesfeld,2002,0.3625,1,2,1
05558,Coesfeld,2003,0.37549,1,2,1
05558,Coesfeld,2004,0.36631,1,2,1
05558,Coesfeld,2005,0.39015,1,2,1
05558,Coesfeld,2006,0.42556,2,3,2
05558,Coesfeld,2007,0.43653,2,3,2
05558,Coesfeld,2008,0.48697,2,3,2
05558,Coesfeld,2009,0.47017,2,3,2
05558,Coesfeld,2010,0.45786,2,3,2
05558,Coesfeld,2011,0.45856,2,3,2
05558,Coesfeld,2012,0.4496,2,3,2
05558,Coesfeld,2013,0.47231,2,3,2
05558,Coesfeld,2014,0.47056,2,3,2
05558,Coesfeld,2015,0.47884,2,4,2
05558,Coesfeld,2016,0.45433,2,3,2
05558,Coesfeld,2017,0.46308,2,3,2
05558,Coesfeld,2018,0.46525,2,3,2
05558,Coesfeld,2019,0.47095,2,3,2
05558,Coesfeld,2020,0.46661,2,3,2
05558,Coesfeld,2021,0.43963,2,3,2
05562,Recklinghausen,1998,0.5988,4,7,2
05562,Recklinghausen,1999,0.60978,4,7,2
05562,Recklinghausen,2000,0.53913,4,7,2
05562,Recklinghausen,2001,0.57602,4,7,2
05562,Recklinghausen,2002,0.57351,4,7,2
05562,Recklinghausen,2003,0.57473,4,7,2
05562,Recklinghausen,2004,0.57122,4,7,2
05562,Recklinghausen,2005,0.58655,3,6,2
05562,Recklinghausen,2006,0.62771,4,7,2
05562,Recklinghausen,2007,0.66785,4,8,2
05562,Recklinghausen,2008,0.71013,4,8,2
05562,Recklinghausen,2009,0.68575,4,8,2
05562,Recklinghausen,2010,0.71315,4,8,2
05562,Recklinghausen,2011,0.7103,4,8,2
05562,Recklinghausen,2012,0.68382,4,8,2
05562,Recklinghausen,2013,0.72026,5,9,3
05562,Recklinghausen,2014,0.73882,5,9,3
05562,Recklinghausen,2015,0.71712,5,9,3
05562,Recklinghausen,2016,0.68886,5,9,3
05562,Recklinghausen,2017,0.71421,5,9,3
05562,Recklinghausen,2018,0.72698,5,9,3
05562,Recklinghausen,2019,0.69798,5,9,3
05562,Recklinghausen,2020,0.69814,5,9,3
05562,Recklinghausen,2021,0.67383,5,9,3
05566,Steinfurt,1998,0.47758,2,3,2
05566,Steinfurt,1999,0.50506,2,4,2
05566,Steinfurt,2000,0.45768,2,4,2
05566,Steinfurt,2001,0.45139,2,4,2
05566,Steinfurt,2002,0.46828,2,4,2
05566,Steinfurt,2003,0.47287,2,4,2
05566,Steinfurt,2004,0.44921,2,4,2
05566,Steinfurt,2005,0.48294,2,4,2
05566,Steinfurt,2006,0.5022,2,4,2
05566,Steinfurt,2007,0.54141,3,5,2
05566,Steinfurt,2008,0.5768,3,5,2
05566,Steinfurt,2009,0.56918,3,5,2
05566,Steinfurt,2010,0.58538,3,5,2
05566,Steinfurt,2011,0.56642,3,5,2
05566,Steinfurt,2012,0.56935,3,6,2
05566,Steinfurt,2013,0.58733,3,6,2
05566,Steinfurt,2014,0.61506,3,6,2
05566,Steinfurt,2015,0.58551,3,6,2
05566,Steinfurt,2016,0.56663,3,6,2
05566,Steinfurt,2017,0.59789,3,6,2
05566,Steinfurt,2018,0.57565,3,6,2
05566,Steinfurt,2019,0.56421,3,6,2
05566,Steinfurt,2020,0.5692,3,6,2
05566,Steinfurt,2021,0.5317,3,6,2
05570,Warendorf,1998,0.45383,2,3,2
05570,Warendorf,1999,0.45795,2,3,2
05570,Warendorf,2000,0.41495,2,4,2
05570,Warendorf,2001,0.43141,2,4,2
05570,Warendorf,2002,0.47047,2,4,2
05570,Warendorf,2003,0.47242,2,4,2
05570,Warendorf,2004,0.45681,2,4,2
05570,Warendorf,2005,0.47841,2,4,2
05570,Warendorf,2006,0.49538,2,4,2
05570,Warendorf,2007,0.47796,2,3,2
05570,Warendorf,2008,0.53027,2,4,2
05570,Warendorf,2009,0.5296,2,4,2
05570,Warendorf,2010,0.54399,2,4,2
05570,Warendorf,2011,0.52858,2,4,2
05570,Warendorf,2012,0.52003,3,5,2
05570,Warendorf,2013,0.53946,3,5,2
05570,Warendorf,2014,0.53752,3,5,2
05570,Warendorf,2015,0.54732,3,5,2
05570,Warendorf,2016,0.52872,3,5,2
05570,Warendorf,2017,0.55319,3,5,2
05570,Warendorf,2018,0.54189,3,5,2
05570,Warendorf,2019,0.53736,3,5,2
05570,Warendorf,2020,0.52593,3,5,2
05570,Warendorf,2021,0.50852,3,5,2
05711,"Bielefeld, Stadt",1998,0.55905,3,6,2
05711,"Bielefeld, Stadt",1999,0.55259,3,6,2
05711,"Bielefeld, Stadt",2000,0.46994,3,5,2
05711,"Bielefeld, Stadt",2001,0.49047,3,5,2
05711,"Bielefeld, Stadt",2002,0.48894,2,4,2
05711,"Bielefeld, Stadt",2003,0.51867,3,5,2
05711,"Bielefeld, Stadt",2004,0.49068,3,5,2
05711,"Bielefeld, Stadt",2005,0.54623,3,5,2
05711,"Bielefeld, Stadt",2006,0.55926,3,6,2
05711,"Bielefeld, Stadt",2007,0.5898,3,6,2
05711,"Bielefeld, Stadt",2008,0.62927,3,6,2
05711,"Bielefeld, Stadt",2009,0.63092,4,7,2
05711,"Bielefeld, Stadt",2010,0.62472,3,6,2
05711,"Bielefeld, Stadt",2011,0.61562,3,6,2
05711,"Bielefeld, Stadt",2012,0.614,4,7,2
05711,"Bielefeld, Stadt",2013,0.63438,4,7,2
05711,"Bielefeld, Stadt",2014,0.62676,4,7,2
05711,"Bielefeld, Stadt",2015,0.61904,4,7,2
05711,"Bielefeld, Stadt",2016,0.573,3,6,2
05711,"Bielefeld, Stadt",2017,0.6166,4,7,2
05711,"Bielefeld, Stadt",2018,0.62136,4,7,2
05711,"Bielefeld, Stadt",2019,0.61477,4,7,2
05711,"Bielefeld, Stadt",2020,0.62075,4,7,2
05711,"Bielefeld, Stadt",2021,0.59331,4,7,2
05754,Gütersloh,1998,0.4658,2,3,2
05754,Gütersloh,1999,0.44639,2,3,2
05754,Gütersloh,2000,0.39152,2,3,2
05754,Gütersloh,2001,0.42231,2,3,2
05754,Gütersloh,2002,0.42428,2,3,2
05754,Gütersloh,2003,0.4326,2,3,2
05754,Gütersloh,2004,0.43157,2,3,2
05754,Gütersloh,2005,0.44801,2,3,2
05754,Gütersloh,2006,0.45008,2,3,2
05754,Gütersloh,2007,0.48201,2,4,2
05754,Gütersloh,2008,0.53062,2,4,2
05754,Gütersloh,2009,0.52213,2,4,2
05754,Gütersloh,2010,0.53897,2,4,2
05754,Gütersloh,2011,0.52964,2,4,2
05754,Gütersloh,2012,0.50375,2,4,2
05754,Gütersloh,2013,0.54365,3,5,2
05754,Gütersloh,2014,0.55577,3,5,2
05754,Gütersloh,2015,0.52692,3,5,2
05754,Gütersloh,2016,0.51263,3,5,2
05754,Gütersloh,2017,0.55209,3,5,2
05754,Gütersloh,2018,0.53754,3,5,2
05754,Gütersloh,2019,0.52089,3,5,2
05754,Gütersloh,2020,0.51379,3,5,2
05754,Gütersloh,2021,0.48633,2,4,2
05758,Herford,1998,0.50501,2,4,2
05758,Herford,1999,0.4956,2,4,2
05758,Herford,2000,0.40988,2,3,2
05758,Herford,2001,0.45093,2,4,2
05758,Herford,2002,0.45328,2,4,2
05758,Herford,2003,0.46463,2,4,2
05758,Herford,2004,0.45536,2,4,2
05758,Herford,2005,0.50983,2,4,2
05758,Herford,2006,0.52415,3,5,2
05758,Herford,2007,0.56019,3,5,2
05758,Herford,2008,0.58812,3,5,2
05758,Herford,2009,0.59357,3,6,2
05758,Herford,2010,0.59857,3,6,2
05758,Herford,2011,0.59124,3,6,2
05758,Herford,2012,0.58834,3,6,2
05758,Herford,2013,0.61832,4,7,2
05758,Herford,2014,0.6164,3,6,2
05758,Herford,2015,0.60901,3,6,2
05758,Herford,2016,0.57083,3,6,2
05758,Herford,2017,0.59307,3,6,2
05758,Herford,2018,0.59874,3,6,2
05758,Herford,2019,0.5946,3,6,2
05758,Herford,2020,0.59465,3,6,2
05758,Herford,2021,0.57781,4,7,2
05762,Höxter,1998,0.54018,3,5,2
05762,Höxter,1999,0.54046,3,5,2
05762,Höxter,2000,0.49853,3,6,2
05762,Höxter,2001,0.50863,3,6,2
05762,Höxter,2002,0.55202,3,6,2
05762,Höxter,2003,0.56372,3,6,2
05762,Höxter,2004,0.53993,3,6,2
05762,Höxter,2005,0.56595,3,6,2
05762,Höxter,2006,0.58966,3,6,2
05762,Höxter,2007,0.60846,3,6,2
05762,Höxter,2008,0.65015,3,6,2
05762,Höxter,2009,0.66058,4,7,2
05762,Höxter,2010,0.64247,4,7,2
05762,Höxter,2011,0.62476,4,7,2
05762,Höxter,2012,0.61193,4,7,2
05762,Höxter,2013,0.63092,4,7,2
05762,Höxter,2014,0.6545,4,7,2
05762,Höxter,2015,0.63035,4,7,2
05762,Höxter,2016,0.61737,4,7,2
05762,Höxter,2017,0.60979,4,7,2
05762,Höxter,2018,0.59879,3,6,2
05762,Höxter,2019,0.59405,3,6,2
05762,Höxter,2020,0.58271,3,6,2
05762,Höxter,2021,0.55754,3,6,2
05766,Lippe,1998,0.49879,2,4,2
05766,Lippe,1999,0.50607,2,4,2
05766,Lippe,2000,0.45485,2,4,2
05766,Lippe,2001,0.49467,3,5,2
05766,Lippe,2002,0.51817,3,5,2
05766,Lippe,2003,0.5195,3,5,2
05766,Lippe,2004,0.50226,3,5,2
05766,Lippe,2005,0.53427,3,5,2
05766,Lippe,2006,0.54492,3,5,2
05766,Lippe,2007,0.55399,3,5,2
05766,Lippe,2008,0.59312,3,5,2
05766,Lippe,2009,0.61568,3,6,2
05766,Lippe,2010,0.6047,3,6,2
05766,Lippe,2011,0.5977,3,6,2
05766,Lippe,2012,0.5803,3,6,2
05766,Lippe,2013,0.61065,3,6,2
05766,Lippe,2014,0.61149,3,6,2
05766,Lippe,2015,0.60019,3,6,2
05766,Lippe,2016,0.56946,3,6,2
05766,Lippe,2017,0.57839,3,6,2
05766,Lippe,2018,0.5795,3,6,2
05766,Lippe,2019,0.57668,3,6,2
05766,Lippe,2020,0.58826,3,6,2
05766,Lippe,2021,0.56178,3,6,2
05770,Minden-Lübbecke,1998,0.54655,3,5,2
05770,Minden-Lübbecke,1999,0.53504,3,5,2
05770,Minden-Lübbecke,2000,0.46302,3,5,2
05770,Minden-Lübbecke,2001,0.46991,2,4,2
05770,Minden-Lübbecke,2002,0.5088,3,5,2
05770,Minden-Lübbecke,2003,0.50955,3,5,2
05770,Minden-Lübbecke,2004,0.50039,3,5,2
05770,Minden-Lübbecke,2005,0.5327,3,5,2
05770,Minden-Lübbecke,2006,0.53743,3,5,2
05770,Minden-Lübbecke,2007,0.57724,3,6,2
05770,Minden-Lübbecke,2008,0.61052,3,5,2
05770,Minden-Lübbecke,2009,0.61746,3,6,2
05770,Minden-Lübbecke,2010,0.62007,3,6,2
05770,Minden-Lübbecke,2011,0.61126,3,6,2
05770,Minden-Lübbecke,2012,0.58768,3,6,2
05770,Minden-Lübbecke,2013,0.60464,3,6,2
05770,Minden-Lübbecke,2014,0.62103,3,6,2
05770,Minden-Lübbecke,2015,0.60546,3,6,2
05770,Minden-Lübbecke,2016,0.57836,3,6,2
05770,Minden-Lübbecke,2017,0.60731,4,7,2
05770,Minden-Lübbecke,2018,0.59049,3,6,2
05770,Minden-Lübbecke,2019,0.595,3,6,2
05770,Minden-Lübbecke,2020,0.58787,3,6,2
05770,Minden-Lübbecke,2021,0.56305,3,6,2
05774,Paderborn,1998,0.51832,2,4,2
05774,Paderborn,1999,0.52901,3,5,2
05774,Paderborn,2000,0.46484,3,5,2
05774,Paderborn,2001,0.48231,3,5,2
05774,Paderborn,2002,0.5113,3,5,2
05774,Paderborn,2003,0.50798,3,5,2
05774,Paderborn,2004,0.50664,3,5,2
05774,Paderborn,2005,0.52677,3,5,2
05774,Paderborn,2006,0.54731,3,5,2
05774,Paderborn,2007,0.56295,3,5,2
05774,Paderborn,2008,0.59555,3,5,2
05774,Paderborn,2009,0.60038,3,6,2
05774,Paderborn,2010,0.60158,3,6,2
05774,Paderborn,2011,0.58442,3,6,2
05774,Paderborn,2012,0.55673,3,5,2
05774,Paderborn,2013,0.58418,3,6,2
05774,Paderborn,2014,0.60581,3,6,2
05774,Paderborn,2015,0.57824,3,6,2
05774,Paderborn,2016,0.56152,3,6,2
05774,Paderborn,2017,0.55499,3,5,2
05774,Paderborn,2018,0.55639,3,6,2
05774,Paderborn,2019,0.55676,3,6,2
05774,Paderborn,2020,0.55619,3,6,2
05774,Paderborn,2021,0.52352,3,5,2
05911,"Bochum, Stadt",1998,0.53497,3,5,2
05911,"Bochum, Stadt",1999,0.53648,3,5,2
05911,"Bochum, Stadt",2000,0.46146,3,5,2
05911,"Bochum, Stadt",2001,0.48333,3,5,2
05911,"Bochum, Stadt",2002,0.48545,2,4,2
05911,"Bochum, Stadt",2003,0.50235,2,4,2
05911,"Bochum, Stadt",2004,0.49905,3,5,2
05911,"Bochum, Stadt",2005,0.53177,3,5,2
05911,"Bochum, Stadt",2006,0.56228,3,6,2
05911,"Bochum, Stadt",2007,0.59687,3,6,2
05911,"Bochum, Stadt",2008,0.63571,3,6,2
05911,"Bochum, Stadt",2009,0.6277,4,7,2
05911,"Bochum, Stadt",2010,0.60336,3,6,2
05911,"Bochum, Stadt",2011,0.61569,3,6,2
05911,"Bochum, Stadt",2012,0.60605,4,7,2
05911,"Bochum, Stadt",2013,0.62288,4,7,2
05911,"Bochum, Stadt",2014,0.64052,4,7,2
05911,"Bochum, Stadt",2015,0.62276,4,7,2
05911,"Bochum, Stadt",2016,0.60994,4,7,2
05911,"Bochum, Stadt",2017,0.63077,4,7,2
05911,"Bochum, Stadt",2018,0.63554,4,7,2
05911,"Bochum, Stadt",2019,0.64013,4,7,2
05911,"Bochum, Stadt",2020,0.64463,4,7,2
05911,"Bochum, Stadt",2021,0.60373,4,7,2
05913,"Dortmund, Stadt",1998,0.63851,4,7,2
05913,"Dortmund, Stadt",1999,0.63424,4,7,2
05913,"Dortmund, Stadt",2000,0.54482,4,7,2
05913,"Dortmund, Stadt",2001,0.56877,4,7,2
05913,"Dortmund, Stadt",2002,0.57369,4,7,2
05913,"Dortmund, Stadt",2003,0.58269,4,7,2
05913,"Dortmund, Stadt",2004,0.5906,4,7,2
05913,"Dortmund, Stadt",2005,0.61988,4,7,2
05913,"Dortmund, Stadt",2006,0.66564,4,8,2
05913,"Dortmund, Stadt",2007,0.69553,4,8,2
05913,"Dortmund, Stadt",2008,0.73298,4,8,2
05913,"Dortmund, Stadt",2009,0.72769,4,8,2
05913,"Dortmund, Stadt",2010,0.73307,4,8,2
05913,"Dortmund, Stadt",2011,0.72474,5,9,3
05913,"Dortmund, Stadt",2012,0.71985,5,9,3
05913,"Dortmund, Stadt",2013,0.74291,5,9,3
05913,"Dortmund, Stadt",2014,0.75327,5,9,3
05913,"Dortmund, Stadt",2015,0.7304,5,9,3
05913,"Dortmund, Stadt",2016,0.69132,5,9,3
05913,"Dortmund, Stadt",2017,0.71685,5,9,3
05913,"Dortmund, Stadt",2018,0.72995,5,9,3
05913,"Dortmund, Stadt",2019,0.72411,5,9,3
05913,"Dortmund, Stadt",2020,0.72709,5,9,3
05913,"Dortmund, Stadt",2021,0.70157,5,9,3
05914,"Hagen, Stadt der FernUniversität",1998,0.71823,4,8,2
05914,"Hagen, Stadt der FernUniversität",1999,0.70248,4,8,2
05914,"Hagen, Stadt der FernUniversität",2000,0.61427,4,8,2
05914,"Hagen, Stadt der FernUniversität",2001,0.64753,4,8,2
05914,"Hagen, Stadt der FernUniversität",2002,0.62489,4,8,2
05914,"Hagen, Stadt der FernUniversität",2003,0.64236,4,8,2
05914,"Hagen, Stadt der FernUniversität",2004,0.65488,4,8,2
05914,"Hagen, Stadt der FernUniversität",2005,0.68982,4,8,2
05914,"Hagen, Stadt der FernUniversität",2006,0.71793,4,8,2
05914,"Hagen, Stadt der FernUniversität",2007,0.76974,5,9,3
05914,"Hagen, Stadt der FernUniversität",2008,0.80123,5,9,3
05914,"Hagen, Stadt der FernUniversität",2009,0.79284,5,9,3
05914,"Hagen, Stadt der FernUniversität",2010,0.81743,5,9,3
05914,"Hagen, Stadt der FernUniversität",2011,0.77795,5,9,3
05914,"Hagen, Stadt der FernUniversität",2012,0.76249,5,9,3
05914,"Hagen, Stadt der FernUniversität",2013,0.7879,5,9,3
05914,"Hagen, Stadt der FernUniversität",2014,0.81879,5,10,3
05914,"Hagen, Stadt der FernUniversität",2015,0.79979,5,10,3
05914,"Hagen, Stadt der FernUniversität",2016,0.79563,5,10,3
05914,"Hagen, Stadt der FernUniversität",2017,0.82136,5,10,3
05914,"Hagen, Stadt der FernUniversität",2018,0.84026,5,10,3
05914,"Hagen, Stadt der FernUniversität",2019,0.84134,5,10,3
05914,"Hagen, Stadt der FernUniversität",2020,0.85446,5,10,3
05914,"Hagen, Stadt der FernUniversität",2021,0.82728,5,10,3
05915,"Hamm, Stadt",1998,0.72253,4,8,2
05915,"Hamm, Stadt",1999,0.74365,4,8,2
05915,"Hamm, Stadt",2000,0.62982,4,8,2
05915,"Hamm, Stadt",2001,0.66853,4,8,2
05915,"Hamm, Stadt",2002,0.68182,4,8,2
05915,"Hamm, Stadt",2003,0.7084,5,9,3
05915,"Hamm, Stadt",2004,0.71356,5,9,3
05915,"Hamm, Stadt",2005,0.73223,5,9,3
05915,"Hamm, Stadt",2006,0.78126,5,9,3
05915,"Hamm, Stadt",2007,0.79641,5,9,3
05915,"Hamm, Stadt",2008,0.83724,5,9,3
05915,"Hamm, Stadt",2009,0.81791,5,9,3
05915,"Hamm, Stadt",2010,0.83657,5,10,3
05915,"Hamm, Stadt",2011,0.82247,5,10,3
05915,"Hamm, Stadt",2012,0.80563,5,10,3
05915,"Hamm, Stadt",2013,0.8498,5,10,3
05915,"Hamm, Stadt",2014,0.85589,5,10,3
05915,"Hamm, Stadt",2015,0.83267,5,10,3
05915,"Hamm, Stadt",2016,0.81657,5,10,3
05915,"Hamm, Stadt",2017,0.83393,5,10,3
05915,"Hamm, Stadt",2018,0.85875,5,10,3
05915,"Hamm, Stadt",2019,0.83715,5,10,3
05915,"Hamm, Stadt",2020,0.8096,5,10,3
05915,"Hamm, Stadt",2021,0.78792,5,10,3
05916,"Herne, Stadt",1998,0.76737,5,9,3
05916,"Herne, Stadt",1999,0.75214,4,8,2
05916,"Herne, Stadt",2000,0.66473,4,8,2
05916,"Herne, Stadt",2001,0.70048,4,8,2
05916,"Herne, Stadt",2002,0.70631,5,9,3
05916,"Herne, Stadt",2003,0.72699,5,9,3
05916,"Herne, Stadt",2004,0.72844,5,9,3
05916,"Herne, Stadt",2005,0.74031,5,9,3
05916,"Herne, Stadt",2006,0.77349,5,9,3
05916,"Herne, Stadt",2007,0.79751,5,9,3
05916,"Herne, Stadt",2008,0.83522,5,9,3
05916,"Herne, Stadt",2009,0.8275,5,10,3
05916,"Herne, Stadt",2010,0.86342,5,10,3
05916,"Herne, Stadt",2011,0.86072,5,10,3
05916,"Herne, Stadt",2012,0.85033,5,10,3
05916,"Herne, Stadt",2013,0.87876,5,10,3
05916,"Herne, Stadt",2014,0.87159,5,10,3
05916,"Herne, Stadt",2015,0.88271,5,10,3
05916,"Herne, Stadt",2016,0.85256,5,10,3
05916,"Herne, Stadt",2017,0.90714,5,10,3
05916,"Herne, Stadt",2018,0.92544,5,10,3
05916,"Herne, Stadt",2019,0.90897,5,10,3
05916,"Herne, Stadt",2020,0.90715,5,10,3
05916,"Herne, Stadt",2021,0.90391,5,10,3
05954,Ennepe-Ruhr-Kreis,1998,0.44501,2,3,2
05954,Ennepe-Ruhr-Kreis,1999,0.43518,2,3,2
05954,Ennepe-Ruhr-Kreis,2000,0.38388,2,3,2
05954,Ennepe-Ruhr-Kreis,2001,0.39665,2,3,2
05954,Ennepe-Ruhr-Kreis,2002,0.39869,2,3,2
05954,Ennepe-Ruhr-Kreis,2003,0.40824,2,3,2
05954,Ennepe-Ruhr-Kreis,2004,0.3918,2,3,2
05954,Ennepe-Ruhr-Kreis,2005,0.40358,2,3,2
05954,Ennepe-Ruhr-Kreis,2006,0.44458,2,3,2
05954,Ennepe-Ruhr-Kreis,2007,0.46583,2,3,2
05954,Ennepe-Ruhr-Kreis,2008,0.52307,2,3,2
05954,Ennepe-Ruhr-Kreis,2009,0.51418,2,4,2
05954,Ennepe-Ruhr-Kreis,2010,0.51142,2,3,2
05954,Ennepe-Ruhr-Kreis,2011,0.49306,2,4,2
05954,Ennepe-Ruhr-Kreis,2012,0.49438,2,4,2
05954,Ennepe-Ruhr-Kreis,2013,0.52768,3,5,2
05954,Ennepe-Ruhr-Kreis,2014,0.52478,2,4,2
05954,Ennepe-Ruhr-Kreis,2015,0.54059,3,5,2
05954,Ennepe-Ruhr-Kreis,2016,0.50453,3,5,2
05954,Ennepe-Ruhr-Kreis,2017,0.51845,3,5,2
05954,Ennepe-Ruhr-Kreis,2018,0.54008,3,5,2
05954,Ennepe-Ruhr-Kreis,2019,0.52454,3,5,2
05954,Ennepe-Ruhr-Kreis,2020,0.54959,3,6,2
05954,Ennepe-Ruhr-Kreis,2021,0.52504,3,5,2
05958,Hochsauerlandkreis,1998,0.55407,3,6,2
05958,Hochsauerlandkreis,1999,0.54571,3,6,2
05958,Hochsauerlandkreis,2000,0.49117,3,5,2
05958,Hochsauerlandkreis,2001,0.54358,4,7,2
05958,Hochsauerlandkreis,2002,0.57432,4,7,2
05958,Hochsauerlandkreis,2003,0.56394,3,6,2
05958,Hochsauerlandkreis,2004,0.5565,4,7,2
05958,Hochsauerlandkreis,2005,0.60739,4,7,2
05958,Hochsauerlandkreis,2006,0.60347,4,7,2
05958,Hochsauerlandkreis,2007,0.61621,4,7,2
05958,Hochsauerlandkreis,2008,0.64085,3,6,2
05958,Hochsauerlandkreis,2009,0.62645,3,6,2
05958,Hochsauerlandkreis,2010,0.6366,4,7,2
05958,Hochsauerlandkreis,2011,0.61878,3,6,2
05958,Hochsauerlandkreis,2012,0.59941,3,6,2
05958,Hochsauerlandkreis,2013,0.60064,3,6,2
05958,Hochsauerlandkreis,2014,0.6009,3,6,2
05958,Hochsauerlandkreis,2015,0.59206,3,6,2
05958,Hochsauerlandkreis,2016,0.58619,4,7,2
05958,Hochsauerlandkreis,2017,0.58654,3,6,2
05958,Hochsauerlandkreis,2018,0.59395,3,6,2
05958,Hochsauerlandkreis,2019,0.55771,3,6,2
05958,Hochsauerlandkreis,2020,0.56644,3,6,2
05958,Hochsauerlandkreis,2021,0.53543,3,6,2
05962,Märkischer Kreis,1998,0.6702,4,8,2
05962,Märkischer Kreis,1999,0.63176,4,7,2
05962,Märkischer Kreis,2000,0.56694,4,7,2
05962,Märkischer Kreis,2001,0.61527,4,8,2
05962,Märkischer Kreis,2002,0.64673,4,8,2
05962,Märkischer Kreis,2003,0.64745,4,8,2
05962,Märkischer Kreis,2004,0.64424,4,8,2
05962,Märkischer Kreis,2005,0.65695,4,8,2
05962,Märkischer Kreis,2006,0.67552,4,8,2
05962,Märkischer Kreis,2007,0.668,4,8,2
05962,Märkischer Kreis,2008,0.72912,4,8,2
05962,Märkischer Kreis,2009,0.72376,4,8,2
05962,Märkischer Kreis,2010,0.7272,4,8,2
05962,Märkischer Kreis,2011,0.71114,4,8,2
05962,Märkischer Kreis,2012,0.66427,4,8,2
05962,Märkischer Kreis,2013,0.70331,4,8,2
05962,Märkischer Kreis,2014,0.70323,4,8,2
05962,Märkischer Kreis,2015,0.66679,4,8,2
05962,Märkischer Kreis,2016,0.63689,4,8,2
05962,Märkischer Kreis,2017,0.66651,4,8,2
05962,Märkischer Kreis,2018,0.68655,4,8,2
05962,Märkischer Kreis,2019,0.68497,4,8,2
05962,Märkischer Kreis,2020,0.69089,5,9,3
05962,Märkischer Kreis,2021,0.65265,4,8,2
05966,Olpe,1998,0.48468,2,4,2
05966,Olpe,1999,0.47979,2,4,2
05966,Olpe,2000,0.46799,3,5,2
05966,Olpe,2001,0.51179,3,6,2
05966,Olpe,2002,0.57562,4,7,2
05966,Olpe,2003,0.54304,3,6,2
05966,Olpe,2004,0.5214,3,5,2
05966,Olpe,2005,0.55701,3,6,2
05966,Olpe,2006,0.56527,3,6,2
05966,Olpe,2007,0.57015,3,6,2
05966,Olpe,2008,0.57789,3,5,2
05966,Olpe,2009,0.57109,3,5,2
05966,Olpe,2010,0.5847,3,5,2
05966,Olpe,2011,0.55747,3,5,2
05966,Olpe,2012,0.50584,2,4,2
05966,Olpe,2013,0.56303,3,6,2
05966,Olpe,2014,0.52461,2,4,2
05966,Olpe,2015,0.5226,3,5,2
05966,Olpe,2016,0.47576,2,4,2
05966,Olpe,2017,0.5017,2,4,2
05966,Olpe,2018,0.51971,3,5,2
05966,Olpe,2019,0.50946,3,5,2
05966,Olpe,2020,0.52563,3,5,2
05966,Olpe,2021,0.46701,2,4,2
05970,Siegen-Wittgenstein,1998,0.44425,2,3,2
05970,Siegen-Wittgenstein,1999,0.43701,2,3,2
05970,Siegen-Wittgenstein,2000,0.39181,2,3,2
05970,Siegen-Wittgenstein,2001,0.4132,2,3,2
05970,Siegen-Wittgenstein,2002,0.43372,2,3,2
05970,Siegen-Wittgenstein,2003,0.43715,2,3,2
05970,Siegen-Wittgenstein,2004,0.43086,2,3,2
05970,Siegen-Wittgenstein,2005,0.46762,2,3,2
05970,Siegen-Wittgenstein,2006,0.45235,2,3,2
05970,Siegen-Wittgenstein,2007,0.47931,2,3,2
05970,Siegen-Wittgenstein,2008,0.51741,2,3,2
05970,Siegen-Wittgenstein,2009,0.517,2,4,2
05970,Siegen-Wittgenstein,2010,0.53767,2,4,2
05970,Siegen-Wittgenstein,2011,0.5061,2,4,2
05970,Siegen-Wittgenstein,2012,0.49213,2,4,2
05970,Siegen-Wittgenstein,2013,0.52496,2,4,2
05970,Siegen-Wittgenstein,2014,0.51923,2,4,2
05970,Siegen-Wittgenstein,2015,0.5315,3,5,2
05970,Siegen-Wittgenstein,2016,0.50083,3,5,2
05970,Siegen-Wittgenstein,2017,0.49804,2,4,2
05970,Siegen-Wittgenstein,2018,0.50221,2,4,2
05970,Siegen-Wittgenstein,2019,0.50351,2,4,2
05970,Siegen-Wittgenstein,2020,0.50971,3,5,2
05970,Siegen-Wittgenstein,2021,0.49606,3,5,2
05974,Soest,1998,0.50793,2,4,2
05974,Soest,1999,0.52251,3,5,2
05974,Soest,2000,0.47151,3,5,2
05974,Soest,2001,0.48578,3,5,2
05974,Soest,2002,0.53412,3,5,2
05974,Soest,2003,0.53217,3,5,2
05974,Soest,2004,0.52951,3,6,2
05974,Soest,2005,0.55565,3,6,2
05974,Soest,2006,0.56996,3,6,2
05974,Soest,2007,0.60336,3,6,2
05974,Soest,2008,0.6255,3,6,2
05974,Soest,2009,0.61169,3,6,2
05974,Soest,2010,0.61762,3,6,2
05974,Soest,2011,0.60442,3,6,2
05974,Soest,2012,0.5897,3,6,2
05974,Soest,2013,0.59685,3,6,2
05974,Soest,2014,0.59172,3,6,2
05974,Soest,2015,0.58096,3,6,2
05974,Soest,2016,0.57216,3,6,2
05974,Soest,2017,0.58665,3,6,2
05974,Soest,2018,0.56767,3,6,2
05974,Soest,2019,0.57002,3,6,2
05974,Soest,2020,0.55617,3,6,2
05974,Soest,2021,0.52256,3,5,2
05978,Unna,1998,0.58113,3,6,2
05978,Unna,1999,0.58745,4,7,2
05978,Unna,2000,0.52944,4,7,2
05978,Unna,2001,0.53794,3,6,2
05978,Unna,2002,0.54373,3,6,2
05978,Unna,2003,0.56552,3,6,2
05978,Unna,2004,0.58016,4,7,2
05978,Unna,2005,0.59623,4,7,2
05978,Unna,2006,0.63441,4,7,2
05978,Unna,2007,0.65,4,7,2
05978,Unna,2008,0.69463,4,7,2
05978,Unna,2009,0.67842,4,7,2
05978,Unna,2010,0.7013,4,8,2
05978,Unna,2011,0.68682,4,8,2
05978,Unna,2012,0.65754,4,7,2
05978,Unna,2013,0.68477,4,8,2
05978,Unna,2014,0.68811,4,8,2
05978,Unna,2015,0.66681,4,8,2
05978,Unna,2016,0.6473,4,8,2
05978,Unna,2017,0.67593,4,8,2
05978,Unna,2018,0.67939,4,8,2
05978,Unna,2019,0.67101,4,8,2
05978,Unna,2020,0.65925,4,8,2
05978,Unna,2021,0.63633,4,8,2
06411,"Darmstadt, Wissenschaftsstadt",1998,0.31042,1,1,1
06411,"Darmstadt, Wissenschaftsstadt",1999,0.30648,1,1,1
06411,"Darmstadt, Wissenschaftsstadt",2000,0.25614,1,1,1
06411,"Darmstadt, Wissenschaftsstadt",2001,0.25585,1,1,1
06411,"Darmstadt, Wissenschaftsstadt",2002,0.26493,1,1,1
06411,"Darmstadt, Wissenschaftsstadt",2003,0.28372000000000003,1,1,1
06411,"Darmstadt, Wissenschaftsstadt",2004,0.29985,1,1,1
06411,"Darmstadt, Wissenschaftsstadt",2005,0.31014,1,1,1
06411,"Darmstadt, Wissenschaftsstadt",2006,0.30812,1,1,1
06411,"Darmstadt, Wissenschaftsstadt",2007,0.30721,1,1,1
06411,"Darmstadt, Wissenschaftsstadt",2008,0.34619,1,1,1
06411,"Darmstadt, Wissenschaftsstadt",2009,0.31775,1,1,1
06411,"Darmstadt, Wissenschaftsstadt",2010,0.31788,1,1,1
06411,"Darmstadt, Wissenschaftsstadt",2011,0.311,1,1,1
06411,"Darmstadt, Wissenschaftsstadt",2012,0.28284,1,1,1
06411,"Darmstadt, Wissenschaftsstadt",2013,0.29894,1,1,1
06411,"Darmstadt, Wissenschaftsstadt",2014,0.28782,1,1,1
06411,"Darmstadt, Wissenschaftsstadt",2015,0.29119,1,1,1
06411,"Darmstadt, Wissenschaftsstadt",2016,0.26474,1,1,1
06411,"Darmstadt, Wissenschaftsstadt",2017,0.22782,1,1,1
06411,"Darmstadt, Wissenschaftsstadt",2018,0.24283,1,1,1
06411,"Darmstadt, Wissenschaftsstadt",2019,0.27249,1,1,1
06411,"Darmstadt, Wissenschaftsstadt",2020,0.27573,1,1,1
06411,"Darmstadt, Wissenschaftsstadt",2021,0.24871,1,1,1
06412,"Frankfurt am Main, Stadt",1998,0.35551,1,2,1
06412,"Frankfurt am Main, Stadt",1999,0.36758,1,2,1
06412,"Frankfurt am Main, Stadt",2000,0.30413,1,2,1
06412,"Frankfurt am Main, Stadt",2001,0.3055,1,2,1
06412,"Frankfurt am Main, Stadt",2002,0.3106,1,1,1
06412,"Frankfurt am Main, Stadt",2003,0.34176,1,2,1
06412,"Frankfurt am Main, Stadt",2004,0.32931,1,2,1
06412,"Frankfurt am Main, Stadt",2005,0.36125,1,2,1
06412,"Frankfurt am Main, Stadt",2006,0.38606,1,2,1
06412,"Frankfurt am Main, Stadt",2007,0.39766,1,2,1
06412,"Frankfurt am Main, Stadt",2008,0.39008,1,1,1
06412,"Frankfurt am Main, Stadt",2009,0.37433,1,1,1
06412,"Frankfurt am Main, Stadt",2010,0.37678,1,1,1
06412,"Frankfurt am Main, Stadt",2011,0.35042,1,1,1
06412,"Frankfurt am Main, Stadt",2012,0.31592,1,1,1
06412,"Frankfurt am Main, Stadt",2013,0.3469,1,1,1
06412,"Frankfurt am Main, Stadt",2014,0.32039,1,1,1
06412,"Frankfurt am Main, Stadt",2015,0.29874,1,1,1
06412,"Frankfurt am Main, Stadt",2016,0.28753,1,1,1
06412,"Frankfurt am Main, Stadt",2017,0.27232,1,1,1
06412,"Frankfurt am Main, Stadt",2018,0.2647,1,1,1
06412,"Frankfurt am Main, Stadt",2019,0.28412,1,1,1
06412,"Frankfurt am Main, Stadt",2020,0.2794,1,1,1
06412,"Frankfurt am Main, Stadt",2021,0.27754,1,1,1
06413,"Offenbach am Main, Stadt",1998,0.75827,5,9,3
06413,"Offenbach am Main, Stadt",1999,0.79528,5,9,3
06413,"Offenbach am Main, Stadt",2000,0.70542,5,9,3
06413,"Offenbach am Main, Stadt",2001,0.7091,4,8,2
06413,"Offenbach am Main, Stadt",2002,0.67457,4,8,2
06413,"Offenbach am Main, Stadt",2003,0.73135,5,9,3
06413,"Offenbach am Main, Stadt",2004,0.74133,5,9,3
06413,"Offenbach am Main, Stadt",2005,0.79261,5,9,3
06413,"Offenbach am Main, Stadt",2006,0.84029,5,10,3
06413,"Offenbach am Main, Stadt",2007,0.87698,5,10,3
06413,"Offenbach am Main, Stadt",2008,0.84466,5,9,3
06413,"Offenbach am Main, Stadt",2009,0.83549,5,10,3
06413,"Offenbach am Main, Stadt",2010,0.83746,5,10,3
06413,"Offenbach am Main, Stadt",2011,0.81579,5,9,3
06413,"Offenbach am Main, Stadt",2012,0.79256,5,9,3
06413,"Offenbach am Main, Stadt",2013,0.82909,5,10,3
06413,"Offenbach am Main, Stadt",2014,0.85274,5,10,3
06413,"Offenbach am Main, Stadt",2015,0.80375,5,10,3
06413,"Offenbach am Main, Stadt",2016,0.78249,5,10,3
06413,"Offenbach am Main, Stadt",2017,0.78759,5,10,3
06413,"Offenbach am Main, Stadt",2018,0.80182,5,10,3
06413,"Offenbach am Main, Stadt",2019,0.75337,5,10,3
06413,"Offenbach am Main, Stadt",2020,0.77485,5,10,3
06413,"Offenbach am Main, Stadt",2021,0.75268,5,10,3
06414,"Wiesbaden, Landeshauptstadt",1998,0.47743,2,3,2
06414,"Wiesbaden, Landeshauptstadt",1999,0.4715,2,4,2
06414,"Wiesbaden, Landeshauptstadt",2000,0.41425,2,4,2
06414,"Wiesbaden, Landeshauptstadt",2001,0.42606,2,3,2
06414,"Wiesbaden, Landeshauptstadt",2002,0.41498,2,3,2
06414,"Wiesbaden, Landeshauptstadt",2003,0.44864,2,3,2
06414,"Wiesbaden, Landeshauptstadt",2004,0.42247,2,3,2
06414,"Wiesbaden, Landeshauptstadt",2005,0.4683,2,4,2
06414,"Wiesbaden, Landeshauptstadt",2006,0.46328,2,3,2
06414,"Wiesbaden, Landeshauptstadt",2007,0.4718,2,3,2
06414,"Wiesbaden, Landeshauptstadt",2008,0.52374,2,3,2
06414,"Wiesbaden, Landeshauptstadt",2009,0.51018,2,3,2
06414,"Wiesbaden, Landeshauptstadt",2010,0.51406,2,4,2
06414,"Wiesbaden, Landeshauptstadt",2011,0.50565,2,4,2
06414,"Wiesbaden, Landeshauptstadt",2012,0.46739000000000003,2,3,2
06414,"Wiesbaden, Landeshauptstadt",2013,0.50246,2,4,2
06414,"Wiesbaden, Landeshauptstadt",2014,0.49342,2,3,2
06414,"Wiesbaden, Landeshauptstadt",2015,0.43974,2,3,2
06414,"Wiesbaden, Landeshauptstadt",2016,0.46139,2,4,2
06414,"Wiesbaden, Landeshauptstadt",2017,0.46637,2,3,2
06414,"Wiesbaden, Landeshauptstadt",2018,0.50628,2,4,2
06414,"Wiesbaden, Landeshauptstadt",2019,0.48237,2,4,2
06414,"Wiesbaden, Landeshauptstadt",2020,0.48197,2,4,2
06414,"Wiesbaden, Landeshauptstadt",2021,0.46581,2,4,2
06431,Bergstraße,1998,0.38255,1,2,1
06431,Bergstraße,1999,0.39798,1,2,1
06431,Bergstraße,2000,0.34616,1,2,1
06431,Bergstraße,2001,0.32733,1,2,1
06431,Bergstraße,2002,0.31683,1,1,1
06431,Bergstraße,2003,0.3366,1,1,1
06431,Bergstraße,2004,0.33497,1,2,1
06431,Bergstraße,2005,0.35663,1,2,1
06431,Bergstraße,2006,0.37081,1,2,1
06431,Bergstraße,2007,0.38683,1,2,1
06431,Bergstraße,2008,0.44332,1,2,1
06431,Bergstraße,2009,0.42608,1,2,1
06431,Bergstraße,2010,0.42682,1,2,1
06431,Bergstraße,2011,0.42475,1,2,1
06431,Bergstraße,2012,0.4159,1,2,1
06431,Bergstraße,2013,0.42918,2,3,2
06431,Bergstraße,2014,0.4268,2,3,2
06431,Bergstraße,2015,0.42612,2,3,2
06431,Bergstraße,2016,0.39957,1,2,1
06431,Bergstraße,2017,0.39749,1,2,1
06431,Bergstraße,2018,0.4082,1,2,1
06431,Bergstraße,2019,0.4121,2,3,2
06431,Bergstraße,2020,0.42209,2,3,2
06431,Bergstraße,2021,0.4043,2,3,2
06432,Darmstadt-Dieburg,1998,0.37135,1,2,1
06432,Darmstadt-Dieburg,1999,0.39768,1,2,1
06432,Darmstadt-Dieburg,2000,0.35198,1,2,1
06432,Darmstadt-Dieburg,2001,0.36496,1,2,1
06432,Darmstadt-Dieburg,2002,0.34616,1,2,1
06432,Darmstadt-Dieburg,2003,0.34178,1,2,1
06432,Darmstadt-Dieburg,2004,0.31553,1,1,1
06432,Darmstadt-Dieburg,2005,0.35661,1,2,1
06432,Darmstadt-Dieburg,2006,0.37309,1,2,1
06432,Darmstadt-Dieburg,2007,0.38986,1,2,1
06432,Darmstadt-Dieburg,2008,0.44779,1,2,1
06432,Darmstadt-Dieburg,2009,0.40429,1,2,1
06432,Darmstadt-Dieburg,2010,0.42608,1,2,1
06432,Darmstadt-Dieburg,2011,0.40199,1,2,1
06432,Darmstadt-Dieburg,2012,0.40414,1,2,1
06432,Darmstadt-Dieburg,2013,0.43059,2,3,2
06432,Darmstadt-Dieburg,2014,0.41884,1,2,1
06432,Darmstadt-Dieburg,2015,0.40094,1,2,1
06432,Darmstadt-Dieburg,2016,0.39231,1,2,1
06432,Darmstadt-Dieburg,2017,0.39693,1,2,1
06432,Darmstadt-Dieburg,2018,0.42218,2,3,2
06432,Darmstadt-Dieburg,2019,0.41501,2,3,2
06432,Darmstadt-Dieburg,2020,0.42399,2,3,2
06432,Darmstadt-Dieburg,2021,0.39229,1,2,1
06433,Groß-Gerau,1998,0.39144,1,2,1
06433,Groß-Gerau,1999,0.39827,1,2,1
06433,Groß-Gerau,2000,0.35757,1,2,1
06433,Groß-Gerau,2001,0.37986,2,3,2
06433,Groß-Gerau,2002,0.35238,1,2,1
06433,Groß-Gerau,2003,0.38103,1,2,1
06433,Groß-Gerau,2004,0.40668,2,3,2
06433,Groß-Gerau,2005,0.4482,2,3,2
06433,Groß-Gerau,2006,0.4539,2,3,2
06433,Groß-Gerau,2007,0.45653,2,3,2
06433,Groß-Gerau,2008,0.5,2,3,2
06433,Groß-Gerau,2009,0.47221,2,3,2
06433,Groß-Gerau,2010,0.46961,2,3,2
06433,Groß-Gerau,2011,0.47357,2,3,2
06433,Groß-Gerau,2012,0.46762,2,3,2
06433,Groß-Gerau,2013,0.49613,2,4,2
06433,Groß-Gerau,2014,0.51575,2,4,2
06433,Groß-Gerau,2015,0.47094,2,3,2
06433,Groß-Gerau,2016,0.46413,2,4,2
06433,Groß-Gerau,2017,0.47193,2,3,2
06433,Groß-Gerau,2018,0.47806,2,3,2
06433,Groß-Gerau,2019,0.48906,2,4,2
06433,Groß-Gerau,2020,0.51558,3,5,2
06433,Groß-Gerau,2021,0.49299,3,5,2
06434,Hochtaunuskreis,1998,0.07705,1,1,1
06434,Hochtaunuskreis,1999,0.08816,1,1,1
06434,Hochtaunuskreis,2000,0.06008,1,1,1
06434,Hochtaunuskreis,2001,0.03089,1,1,1
06434,Hochtaunuskreis,2002,0.04004,1,1,1
06434,Hochtaunuskreis,2003,0.06025,1,1,1
06434,Hochtaunuskreis,2004,0.01241,1,1,1
06434,Hochtaunuskreis,2005,0.04927,1,1,1
06434,Hochtaunuskreis,2006,0.02481,1,1,1
06434,Hochtaunuskreis,2007,0.03507,1,1,1
06434,Hochtaunuskreis,2008,0.10152,1,1,1
06434,Hochtaunuskreis,2009,0.09744,1,1,1
06434,Hochtaunuskreis,2010,0.10064,1,1,1
06434,Hochtaunuskreis,2011,0.09191,1,1,1
06434,Hochtaunuskreis,2012,0.09607,1,1,1
06434,Hochtaunuskreis,2013,0.11218,1,1,1
06434,Hochtaunuskreis,2014,0.07528,1,1,1
06434,Hochtaunuskreis,2015,0.07697,1,1,1
06434,Hochtaunuskreis,2016,0.05947,1,1,1
06434,Hochtaunuskreis,2017,0.08028,1,1,1
06434,Hochtaunuskreis,2018,0.08428,1,1,1
06434,Hochtaunuskreis,2019,0.11249,1,1,1
06434,Hochtaunuskreis,2020,0.12035,1,1,1
06434,Hochtaunuskreis,2021,0.11141,1,1,1
06435,Main-Kinzig-Kreis,1998,0.47504,2,3,2
06435,Main-Kinzig-Kreis,1999,0.47496,2,4,2
06435,Main-Kinzig-Kreis,2000,0.42532,2,4,2
06435,Main-Kinzig-Kreis,2001,0.42647,2,3,2
06435,Main-Kinzig-Kreis,2002,0.43481,2,3,2
06435,Main-Kinzig-Kreis,2003,0.43432,2,3,2
06435,Main-Kinzig-Kreis,2004,0.44967,2,4,2
06435,Main-Kinzig-Kreis,2005,0.47064,2,4,2
06435,Main-Kinzig-Kreis,2006,0.47375,2,4,2
06435,Main-Kinzig-Kreis,2007,0.49394,2,4,2
06435,Main-Kinzig-Kreis,2008,0.5477,2,4,2
06435,Main-Kinzig-Kreis,2009,0.50902,2,3,2
06435,Main-Kinzig-Kreis,2010,0.51216,2,3,2
06435,Main-Kinzig-Kreis,2011,0.48571,2,3,2
06435,Main-Kinzig-Kreis,2012,0.48118,2,3,2
06435,Main-Kinzig-Kreis,2013,0.49187,2,4,2
06435,Main-Kinzig-Kreis,2014,0.50067,2,4,2
06435,Main-Kinzig-Kreis,2015,0.47297,2,3,2
06435,Main-Kinzig-Kreis,2016,0.457,2,3,2
06435,Main-Kinzig-Kreis,2017,0.46893,2,3,2
06435,Main-Kinzig-Kreis,2018,0.48548,2,4,2
06435,Main-Kinzig-Kreis,2019,0.48715,2,4,2
06435,Main-Kinzig-Kreis,2020,0.48012,2,4,2
06435,Main-Kinzig-Kreis,2021,0.47721,2,4,2
06436,Main-Taunus-Kreis,1998,0.14218,1,1,1
06436,Main-Taunus-Kreis,1999,0.15226,1,1,1
06436,Main-Taunus-Kreis,2000,0.08806,1,1,1
06436,Main-Taunus-Kreis,2001,0.0802,1,1,1
06436,Main-Taunus-Kreis,2002,0.06437,1,1,1
06436,Main-Taunus-Kreis,2003,0.08557,1,1,1
06436,Main-Taunus-Kreis,2004,0.05274,1,1,1
06436,Main-Taunus-Kreis,2005,0.07614,1,1,1
06436,Main-Taunus-Kreis,2006,0.12234,1,1,1
06436,Main-Taunus-Kreis,2007,0.13958,1,1,1
06436,Main-Taunus-Kreis,2008,0.13619,1,1,1
06436,Main-Taunus-Kreis,2009,0.15158,1,1,1
06436,Main-Taunus-Kreis,2010,0.14614,1,1,1
06436,Main-Taunus-Kreis,2011,0.13483,1,1,1
06436,Main-Taunus-Kreis,2012,0.12594,1,1,1
06436,Main-Taunus-Kreis,2013,0.145,1,1,1
06436,Main-Taunus-Kreis,2014,0.13345,1,1,1
06436,Main-Taunus-Kreis,2015,0.15504,1,1,1
06436,Main-Taunus-Kreis,2016,0.13184,1,1,1
06436,Main-Taunus-Kreis,2017,0.14723,1,1,1
06436,Main-Taunus-Kreis,2018,0.16468,1,1,1
06436,Main-Taunus-Kreis,2019,0.15656,1,1,1
06436,Main-Taunus-Kreis,2020,0.16134,1,1,1
06436,Main-Taunus-Kreis,2021,0.17225,1,1,1
06437,Odenwaldkreis,1998,0.52291,3,5,2
06437,Odenwaldkreis,1999,0.55927,3,6,2
06437,Odenwaldkreis,2000,0.50499,3,6,2
06437,Odenwaldkreis,2001,0.49463,3,5,2
06437,Odenwaldkreis,2002,0.524,3,5,2
06437,Odenwaldkreis,2003,0.5301,3,5,2
06437,Odenwaldkreis,2004,0.52644,3,6,2
06437,Odenwaldkreis,2005,0.55573,3,6,2
06437,Odenwaldkreis,2006,0.57669,3,6,2
06437,Odenwaldkreis,2007,0.59483,3,6,2
06437,Odenwaldkreis,2008,0.6431,3,6,2
06437,Odenwaldkreis,2009,0.6209,3,6,2
06437,Odenwaldkreis,2010,0.6554,4,7,2
06437,Odenwaldkreis,2011,0.63654,4,7,2
06437,Odenwaldkreis,2012,0.6372,4,7,2
06437,Odenwaldkreis,2013,0.6191,4,7,2
06437,Odenwaldkreis,2014,0.63778,4,7,2
06437,Odenwaldkreis,2015,0.64426,4,7,2
06437,Odenwaldkreis,2016,0.61352,4,7,2
06437,Odenwaldkreis,2017,0.63178,4,7,2
06437,Odenwaldkreis,2018,0.63294,4,7,2
06437,Odenwaldkreis,2019,0.65069,4,8,2
06437,Odenwaldkreis,2020,0.61272,4,7,2
06437,Odenwaldkreis,2021,0.60315,4,7,2
06438,Offenbach,1998,0.35784,1,2,1
06438,Offenbach,1999,0.36189,1,2,1
06438,Offenbach,2000,0.31706,1,2,1
06438,Offenbach,2001,0.30678,1,2,1
06438,Offenbach,2002,0.29545,1,1,1
06438,Offenbach,2003,0.32596,1,1,1
06438,Offenbach,2004,0.33583,1,2,1
06438,Offenbach,2005,0.36109,1,2,1
06438,Offenbach,2006,0.36739,1,2,1
06438,Offenbach,2007,0.39487,1,2,1
06438,Offenbach,2008,0.41042,1,2,1
06438,Offenbach,2009,0.37655,1,1,1
06438,Offenbach,2010,0.39058,1,2,1
06438,Offenbach,2011,0.37299,1,2,1
06438,Offenbach,2012,0.37966,1,2,1
06438,Offenbach,2013,0.39512,1,2,1
06438,Offenbach,2014,0.38054,1,2,1
06438,Offenbach,2015,0.38976,1,2,1
06438,Offenbach,2016,0.37648,1,2,1
06438,Offenbach,2017,0.37603,1,2,1
06438,Offenbach,2018,0.3764,1,2,1
06438,Offenbach,2019,0.39714,1,2,1
06438,Offenbach,2020,0.39427,1,2,1
06438,Offenbach,2021,0.39078,1,2,1
06439,Rheingau-Taunus-Kreis,1998,0.33951,1,1,1
06439,Rheingau-Taunus-Kreis,1999,0.34879,1,2,1
06439,Rheingau-Taunus-Kreis,2000,0.28745,1,1,1
06439,Rheingau-Taunus-Kreis,2001,0.25325,1,1,1
06439,Rheingau-Taunus-Kreis,2002,0.30566,1,1,1
06439,Rheingau-Taunus-Kreis,2003,0.30443,1,1,1
06439,Rheingau-Taunus-Kreis,2004,0.28382,1,1,1
06439,Rheingau-Taunus-Kreis,2005,0.29932,1,1,1
06439,Rheingau-Taunus-Kreis,2006,0.303,1,1,1
06439,Rheingau-Taunus-Kreis,2007,0.32302,1,1,1
06439,Rheingau-Taunus-Kreis,2008,0.37783,1,1,1
06439,Rheingau-Taunus-Kreis,2009,0.36309,1,1,1
06439,Rheingau-Taunus-Kreis,2010,0.35635,1,1,1
06439,Rheingau-Taunus-Kreis,2011,0.348,1,1,1
06439,Rheingau-Taunus-Kreis,2012,0.36987,1,2,1
06439,Rheingau-Taunus-Kreis,2013,0.37449,1,2,1
06439,Rheingau-Taunus-Kreis,2014,0.35246,1,1,1
06439,Rheingau-Taunus-Kreis,2015,0.37252,1,2,1
06439,Rheingau-Taunus-Kreis,2016,0.35412,1,2,1
06439,Rheingau-Taunus-Kreis,2017,0.34878,1,2,1
06439,Rheingau-Taunus-Kreis,2018,0.37075,1,2,1
06439,Rheingau-Taunus-Kreis,2019,0.38574,1,2,1
06439,Rheingau-Taunus-Kreis,2020,0.36058,1,2,1
06439,Rheingau-Taunus-Kreis,2021,0.35619,1,2,1
06440,Wetteraukreis,1998,0.38545,1,2,1
06440,Wetteraukreis,1999,0.40519,2,3,2
06440,Wetteraukreis,2000,0.34596,1,2,1
06440,Wetteraukreis,2001,0.33355,1,2,1
06440,Wetteraukreis,2002,0.35021,1,2,1
06440,Wetteraukreis,2003,0.36904,1,2,1
06440,Wetteraukreis,2004,0.35652,1,2,1
06440,Wetteraukreis,2005,0.37664,1,2,1
06440,Wetteraukreis,2006,0.38647,1,2,1
06440,Wetteraukreis,2007,0.39664,1,2,1
06440,Wetteraukreis,2008,0.45971,1,2,1
06440,Wetteraukreis,2009,0.42263,1,2,1
06440,Wetteraukreis,2010,0.43269,1,2,1
06440,Wetteraukreis,2011,0.40528,1,2,1
06440,Wetteraukreis,2012,0.41408,1,2,1
06440,Wetteraukreis,2013,0.44482,2,3,2
06440,Wetteraukreis,2014,0.43707,2,3,2
06440,Wetteraukreis,2015,0.43256,2,3,2
06440,Wetteraukreis,2016,0.41249,2,3,2
06440,Wetteraukreis,2017,0.40314,1,2,1
06440,Wetteraukreis,2018,0.42197,2,3,2
06440,Wetteraukreis,2019,0.43314,2,3,2
06440,Wetteraukreis,2020,0.43558,2,3,2
06440,Wetteraukreis,2021,0.41392,2,3,2
06531,Gießen,1998,0.52792,3,5,2
06531,Gießen,1999,0.51298,3,5,2
06531,Gießen,2000,0.43593,2,4,2
06531,Gießen,2001,0.46609,2,4,2
06531,Gießen,2002,0.43811,2,3,2
06531,Gießen,2003,0.45707,2,4,2
06531,Gießen,2004,0.47392,2,4,2
06531,Gießen,2005,0.48831,2,4,2
06531,Gießen,2006,0.52013,3,5,2
06531,Gießen,2007,0.55066,3,5,2
06531,Gießen,2008,0.58605,3,5,2
06531,Gießen,2009,0.55569,3,5,2
06531,Gießen,2010,0.54729,2,4,2
06531,Gießen,2011,0.53069,2,4,2
06531,Gießen,2012,0.50325,2,4,2
06531,Gießen,2013,0.54131,3,5,2
06531,Gießen,2014,0.54412,3,5,2
06531,Gießen,2015,0.52404,3,5,2
06531,Gießen,2016,0.50321,3,5,2
06531,Gießen,2017,0.50224,2,4,2
06531,Gießen,2018,0.52101,3,5,2
06531,Gießen,2019,0.52274,3,5,2
06531,Gießen,2020,0.52213,3,5,2
06531,Gießen,2021,0.50299,3,5,2
06532,Lahn-Dill-Kreis,1998,0.52428,3,5,2
06532,Lahn-Dill-Kreis,1999,0.50727,2,4,2
06532,Lahn-Dill-Kreis,2000,0.45961,2,4,2
06532,Lahn-Dill-Kreis,2001,0.4726,2,4,2
06532,Lahn-Dill-Kreis,2002,0.45682,2,4,2
06532,Lahn-Dill-Kreis,2003,0.50037,2,4,2
06532,Lahn-Dill-Kreis,2004,0.47652,2,4,2
06532,Lahn-Dill-Kreis,2005,0.502,2,4,2
06532,Lahn-Dill-Kreis,2006,0.50555,2,4,2
06532,Lahn-Dill-Kreis,2007,0.51216,2,4,2
06532,Lahn-Dill-Kreis,2008,0.56321,2,4,2
06532,Lahn-Dill-Kreis,2009,0.54669,2,4,2
06532,Lahn-Dill-Kreis,2010,0.55905,3,5,2
06532,Lahn-Dill-Kreis,2011,0.5397,3,5,2
06532,Lahn-Dill-Kreis,2012,0.52343,3,5,2
06532,Lahn-Dill-Kreis,2013,0.54707,3,5,2
06532,Lahn-Dill-Kreis,2014,0.54538,3,5,2
06532,Lahn-Dill-Kreis,2015,0.53557,3,5,2
06532,Lahn-Dill-Kreis,2016,0.52132,3,5,2
06532,Lahn-Dill-Kreis,2017,0.5253,3,5,2
06532,Lahn-Dill-Kreis,2018,0.54616,3,5,2
06532,Lahn-Dill-Kreis,2019,0.54538,3,5,2
06532,Lahn-Dill-Kreis,2020,0.53082,3,5,2
06532,Lahn-Dill-Kreis,2021,0.52496,3,5,2
06533,Limburg-Weilburg,1998,0.48015,2,4,2
06533,Limburg-Weilburg,1999,0.51672,3,5,2
06533,Limburg-Weilburg,2000,0.4791,3,5,2
06533,Limburg-Weilburg,2001,0.48057,3,5,2
06533,Limburg-Weilburg,2002,0.46927,2,4,2
06533,Limburg-Weilburg,2003,0.47434,2,4,2
06533,Limburg-Weilburg,2004,0.50423,3,5,2
06533,Limburg-Weilburg,2005,0.51231,3,5,2
06533,Limburg-Weilburg,2006,0.49473,2,4,2
06533,Limburg-Weilburg,2007,0.51501,2,4,2
06533,Limburg-Weilburg,2008,0.56629,2,4,2
06533,Limburg-Weilburg,2009,0.50467,2,3,2
06533,Limburg-Weilburg,2010,0.52628,2,4,2
06533,Limburg-Weilburg,2011,0.5215,2,4,2
06533,Limburg-Weilburg,2012,0.52572,3,5,2
06533,Limburg-Weilburg,2013,0.54587,3,5,2
06533,Limburg-Weilburg,2014,0.55189,3,5,2
06533,Limburg-Weilburg,2015,0.52237,3,5,2
06533,Limburg-Weilburg,2016,0.49541,3,5,2
06533,Limburg-Weilburg,2017,0.52854,3,5,2
06533,Limburg-Weilburg,2018,0.53493,3,5,2
06533,Limburg-Weilburg,2019,0.54231,3,5,2
06533,Limburg-Weilburg,2020,0.53373,3,5,2
06533,Limburg-Weilburg,2021,0.51807,3,5,2
06534,Marburg-Biedenkopf,1998,0.50204,2,4,2
06534,Marburg-Biedenkopf,1999,0.47273,2,4,2
06534,Marburg-Biedenkopf,2000,0.40886,2,3,2
06534,Marburg-Biedenkopf,2001,0.4209,2,3,2
06534,Marburg-Biedenkopf,2002,0.47366,2,4,2
06534,Marburg-Biedenkopf,2003,0.48287,2,4,2
06534,Marburg-Biedenkopf,2004,0.44793,2,4,2
06534,Marburg-Biedenkopf,2005,0.47249,2,4,2
06534,Marburg-Biedenkopf,2006,0.51186,2,4,2
06534,Marburg-Biedenkopf,2007,0.52805,3,5,2
06534,Marburg-Biedenkopf,2008,0.54324,2,4,2
06534,Marburg-Biedenkopf,2009,0.52404,2,4,2
06534,Marburg-Biedenkopf,2010,0.52979,2,4,2
06534,Marburg-Biedenkopf,2011,0.51322,2,4,2
06534,Marburg-Biedenkopf,2012,0.49724,2,4,2
06534,Marburg-Biedenkopf,2013,0.50694,2,4,2
06534,Marburg-Biedenkopf,2014,0.495,2,4,2
06534,Marburg-Biedenkopf,2015,0.49261,2,4,2
06534,Marburg-Biedenkopf,2016,0.48381,2,4,2
06534,Marburg-Biedenkopf,2017,0.4946,2,4,2
06534,Marburg-Biedenkopf,2018,0.50652,2,4,2
06534,Marburg-Biedenkopf,2019,0.49513,2,4,2
06534,Marburg-Biedenkopf,2020,0.49791,2,4,2
06534,Marburg-Biedenkopf,2021,0.49072,3,5,2
06535,Vogelsbergkreis,1998,0.54731,3,5,2
06535,Vogelsbergkreis,1999,0.58629,4,7,2
06535,Vogelsbergkreis,2000,0.52756,3,6,2
06535,Vogelsbergkreis,2001,0.53396,3,6,2
06535,Vogelsbergkreis,2002,0.54399,3,6,2
06535,Vogelsbergkreis,2003,0.53592,3,6,2
06535,Vogelsbergkreis,2004,0.48833,2,4,2
06535,Vogelsbergkreis,2005,0.513,3,5,2
06535,Vogelsbergkreis,2006,0.51243,2,4,2
06535,Vogelsbergkreis,2007,0.52722,2,4,2
06535,Vogelsbergkreis,2008,0.57591,3,5,2
06535,Vogelsbergkreis,2009,0.59759,3,6,2
06535,Vogelsbergkreis,2010,0.57424,3,5,2
06535,Vogelsbergkreis,2011,0.56253,3,5,2
06535,Vogelsbergkreis,2012,0.53575,3,5,2
06535,Vogelsbergkreis,2013,0.54916,3,5,2
06535,Vogelsbergkreis,2014,0.54916,3,5,2
06535,Vogelsbergkreis,2015,0.54207,3,5,2
06535,Vogelsbergkreis,2016,0.5604,3,6,2
06535,Vogelsbergkreis,2017,0.58478,3,6,2
06535,Vogelsbergkreis,2018,0.5826,3,6,2
06535,Vogelsbergkreis,2019,0.57834,3,6,2
06535,Vogelsbergkreis,2020,0.56978,3,6,2
06535,Vogelsbergkreis,2021,0.56452,3,6,2
06611,"Kassel, documenta-Stadt",1998,0.7231,4,8,2
06611,"Kassel, documenta-Stadt",1999,0.68423,4,8,2
06611,"Kassel, documenta-Stadt",2000,0.65022,4,8,2
06611,"Kassel, documenta-Stadt",2001,0.64159,4,8,2
06611,"Kassel, documenta-Stadt",2002,0.64704,4,8,2
06611,"Kassel, documenta-Stadt",2003,0.67695,4,8,2
06611,"Kassel, documenta-Stadt",2004,0.66769,4,8,2
06611,"Kassel, documenta-Stadt",2005,0.70844,4,8,2
06611,"Kassel, documenta-Stadt",2006,0.7116,4,8,2
06611,"Kassel, documenta-Stadt",2007,0.71582,4,8,2
06611,"Kassel, documenta-Stadt",2008,0.6977,4,7,2
06611,"Kassel, documenta-Stadt",2009,0.68305,4,8,2
06611,"Kassel, documenta-Stadt",2010,0.68397,4,7,2
06611,"Kassel, documenta-Stadt",2011,0.67644,4,7,2
06611,"Kassel, documenta-Stadt",2012,0.65403,4,7,2
06611,"Kassel, documenta-Stadt",2013,0.6768,4,8,2
06611,"Kassel, documenta-Stadt",2014,0.68182,4,8,2
06611,"Kassel, documenta-Stadt",2015,0.63987,4,7,2
06611,"Kassel, documenta-Stadt",2016,0.62323,4,7,2
06611,"Kassel, documenta-Stadt",2017,0.61878,4,7,2
06611,"Kassel, documenta-Stadt",2018,0.63031,4,7,2
06611,"Kassel, documenta-Stadt",2019,0.60749,4,7,2
06611,"Kassel, documenta-Stadt",2020,0.6215,4,7,2
06611,"Kassel, documenta-Stadt",2021,0.59246,4,7,2
06631,Fulda,1998,0.46545,2,3,2
06631,Fulda,1999,0.46284,2,3,2
06631,Fulda,2000,0.41106,2,3,2
06631,Fulda,2001,0.43109,2,4,2
06631,Fulda,2002,0.4169,2,3,2
06631,Fulda,2003,0.44415,2,3,2
06631,Fulda,2004,0.44814,2,4,2
06631,Fulda,2005,0.43164,2,3,2
06631,Fulda,2006,0.44091,2,3,2
06631,Fulda,2007,0.45553,2,3,2
06631,Fulda,2008,0.50617,2,3,2
06631,Fulda,2009,0.5008,2,3,2
06631,Fulda,2010,0.49165,2,3,2
06631,Fulda,2011,0.45924,2,3,2
06631,Fulda,2012,0.45796,2,3,2
06631,Fulda,2013,0.46662,2,3,2
06631,Fulda,2014,0.46129,2,3,2
06631,Fulda,2015,0.44787,2,3,2
06631,Fulda,2016,0.44216,2,3,2
06631,Fulda,2017,0.43465,2,3,2
06631,Fulda,2018,0.44574,2,3,2
06631,Fulda,2019,0.45745,2,3,2
06631,Fulda,2020,0.45868,2,3,2
06631,Fulda,2021,0.43411,2,3,2
06632,Hersfeld-Rotenburg,1998,0.48232,2,4,2
06632,Hersfeld-Rotenburg,1999,0.48394,2,4,2
06632,Hersfeld-Rotenburg,2000,0.47331,3,5,2
06632,Hersfeld-Rotenburg,2001,0.47197,2,4,2
06632,Hersfeld-Rotenburg,2002,0.44926,2,3,2
06632,Hersfeld-Rotenburg,2003,0.44285,2,3,2
06632,Hersfeld-Rotenburg,2004,0.44409,2,3,2
06632,Hersfeld-Rotenburg,2005,0.46489,2,3,2
06632,Hersfeld-Rotenburg,2006,0.49952,2,4,2
06632,Hersfeld-Rotenburg,2007,0.51242,2,4,2
06632,Hersfeld-Rotenburg,2008,0.52168,2,3,2
06632,Hersfeld-Rotenburg,2009,0.52068,2,4,2
06632,Hersfeld-Rotenburg,2010,0.50236,2,3,2
06632,Hersfeld-Rotenburg,2011,0.47266,2,3,2
06632,Hersfeld-Rotenburg,2012,0.48875,2,4,2
06632,Hersfeld-Rotenburg,2013,0.51364,2,4,2
06632,Hersfeld-Rotenburg,2014,0.49935,2,4,2
06632,Hersfeld-Rotenburg,2015,0.51534,2,4,2
06632,Hersfeld-Rotenburg,2016,0.48987000000000003,2,4,2
06632,Hersfeld-Rotenburg,2017,0.50006,2,4,2
06632,Hersfeld-Rotenburg,2018,0.50729,2,4,2
06632,Hersfeld-Rotenburg,2019,0.4993,2,4,2
06632,Hersfeld-Rotenburg,2020,0.50876,3,5,2
06632,Hersfeld-Rotenburg,2021,0.50468,3,5,2
06633,Kassel,1998,0.38737,1,2,1
06633,Kassel,1999,0.40582,2,3,2
06633,Kassel,2000,0.38245,2,3,2
06633,Kassel,2001,0.37212,2,3,2
06633,Kassel,2002,0.38061,1,2,1
06633,Kassel,2003,0.38925,1,2,1
06633,Kassel,2004,0.36613,1,2,1
06633,Kassel,2005,0.39802,1,2,1
06633,Kassel,2006,0.40863,2,3,2
06633,Kassel,2007,0.4111,1,2,1
06633,Kassel,2008,0.42134,1,2,1
06633,Kassel,2009,0.43678,1,2,1
06633,Kassel,2010,0.42101,1,2,1
06633,Kassel,2011,0.40411,1,2,1
06633,Kassel,2012,0.42478,2,3,2
06633,Kassel,2013,0.43293,2,3,2
06633,Kassel,2014,0.42977,2,3,2
06633,Kassel,2015,0.40069,1,2,1
06633,Kassel,2016,0.40085,2,3,2
06633,Kassel,2017,0.41203,2,3,2
06633,Kassel,2018,0.40861,1,2,1
06633,Kassel,2019,0.41539,2,3,2
06633,Kassel,2020,0.42528,2,3,2
06633,Kassel,2021,0.41107,2,3,2
06634,Schwalm-Eder-Kreis,1998,0.52837,3,5,2
06634,Schwalm-Eder-Kreis,1999,0.51517,3,5,2
06634,Schwalm-Eder-Kreis,2000,0.52853000000000006,4,7,2
06634,Schwalm-Eder-Kreis,2001,0.50979,3,6,2
06634,Schwalm-Eder-Kreis,2002,0.53279,3,5,2
06634,Schwalm-Eder-Kreis,2003,0.5243,3,5,2
06634,Schwalm-Eder-Kreis,2004,0.51187,3,5,2
06634,Schwalm-Eder-Kreis,2005,0.51224,3,5,2
06634,Schwalm-Eder-Kreis,2006,0.5426,3,5,2
06634,Schwalm-Eder-Kreis,2007,0.54375,3,5,2
06634,Schwalm-Eder-Kreis,2008,0.57604,3,5,2
06634,Schwalm-Eder-Kreis,2009,0.55334,3,5,2
06634,Schwalm-Eder-Kreis,2010,0.54786,2,4,2
06634,Schwalm-Eder-Kreis,2011,0.54936,3,5,2
06634,Schwalm-Eder-Kreis,2012,0.5542,3,5,2
06634,Schwalm-Eder-Kreis,2013,0.56032,3,5,2
06634,Schwalm-Eder-Kreis,2014,0.55198,3,5,2
06634,Schwalm-Eder-Kreis,2015,0.52802,3,5,2
06634,Schwalm-Eder-Kreis,2016,0.53886,3,5,2
06634,Schwalm-Eder-Kreis,2017,0.52254,3,5,2
06634,Schwalm-Eder-Kreis,2018,0.54538,3,5,2
06634,Schwalm-Eder-Kreis,2019,0.54224000000000006,3,5,2
06634,Schwalm-Eder-Kreis,2020,0.53413,3,5,2
06634,Schwalm-Eder-Kreis,2021,0.53619000000000006,3,6,2
06635,Waldeck-Frankenberg,1998,0.57985,3,6,2
06635,Waldeck-Frankenberg,1999,0.58792,4,7,2
06635,Waldeck-Frankenberg,2000,0.53656,4,7,2
06635,Waldeck-Frankenberg,2001,0.54041,3,6,2
06635,Waldeck-Frankenberg,2002,0.54436,3,6,2
06635,Waldeck-Frankenberg,2003,0.55846,3,6,2
06635,Waldeck-Frankenberg,2004,0.55614,4,7,2
06635,Waldeck-Frankenberg,2005,0.58833,4,7,2
06635,Waldeck-Frankenberg,2006,0.59456,3,6,2
06635,Waldeck-Frankenberg,2007,0.60847,3,6,2
06635,Waldeck-Frankenberg,2008,0.66343,4,7,2
06635,Waldeck-Frankenberg,2009,0.64422,4,7,2
06635,Waldeck-Frankenberg,2010,0.62807,3,6,2
06635,Waldeck-Frankenberg,2011,0.59547,3,6,2
06635,Waldeck-Frankenberg,2012,0.57314,3,6,2
06635,Waldeck-Frankenberg,2013,0.59186,3,6,2
06635,Waldeck-Frankenberg,2014,0.60104,3,6,2
06635,Waldeck-Frankenberg,2015,0.57668,3,6,2
06635,Waldeck-Frankenberg,2016,0.54282,3,6,2
06635,Waldeck-Frankenberg,2017,0.54256,3,5,2
06635,Waldeck-Frankenberg,2018,0.55064,3,5,2
06635,Waldeck-Frankenberg,2019,0.56332,3,6,2
06635,Waldeck-Frankenberg,2020,0.53166,3,5,2
06635,Waldeck-Frankenberg,2021,0.55133,3,6,2
06636,Werra-Meißner-Kreis,1998,0.5806,3,6,2
06636,Werra-Meißner-Kreis,1999,0.58799,4,7,2
06636,Werra-Meißner-Kreis,2000,0.50655,3,6,2
06636,Werra-Meißner-Kreis,2001,0.50238,3,5,2
06636,Werra-Meißner-Kreis,2002,0.49867,3,5,2
06636,Werra-Meißner-Kreis,2003,0.53183,3,5,2
06636,Werra-Meißner-Kreis,2004,0.53911,3,6,2
06636,Werra-Meißner-Kreis,2005,0.5493,3,5,2
06636,Werra-Meißner-Kreis,2006,0.55961,3,6,2
06636,Werra-Meißner-Kreis,2007,0.56623,3,6,2
06636,Werra-Meißner-Kreis,2008,0.6407,3,6,2
06636,Werra-Meißner-Kreis,2009,0.60385,3,6,2
06636,Werra-Meißner-Kreis,2010,0.62751,3,6,2
06636,Werra-Meißner-Kreis,2011,0.60236,3,6,2
06636,Werra-Meißner-Kreis,2012,0.63419,4,7,2
06636,Werra-Meißner-Kreis,2013,0.64453,4,7,2
06636,Werra-Meißner-Kreis,2014,0.62661,4,7,2
06636,Werra-Meißner-Kreis,2015,0.61104,3,6,2
06636,Werra-Meißner-Kreis,2016,0.60439,4,7,2
06636,Werra-Meißner-Kreis,2017,0.60899,4,7,2
06636,Werra-Meißner-Kreis,2018,0.63347,4,7,2
06636,Werra-Meißner-Kreis,2019,0.61227,4,7,2
06636,Werra-Meißner-Kreis,2020,0.59807,4,7,2
06636,Werra-Meißner-Kreis,2021,0.59584,4,7,2
07111,"Koblenz, kreisfreie Stadt",1998,0.55384,3,6,2
07111,"Koblenz, kreisfreie Stadt",1999,0.55111,3,6,2
07111,"Koblenz, kreisfreie Stadt",2000,0.47826,3,5,2
07111,"Koblenz, kreisfreie Stadt",2001,0.47759,2,4,2
07111,"Koblenz, kreisfreie Stadt",2002,0.51164,3,5,2
07111,"Koblenz, kreisfreie Stadt",2003,0.51021,3,5,2
07111,"Koblenz, kreisfreie Stadt",2004,0.49978,3,5,2
07111,"Koblenz, kreisfreie Stadt",2005,0.55487,3,6,2
07111,"Koblenz, kreisfreie Stadt",2006,0.55098,3,5,2
07111,"Koblenz, kreisfreie Stadt",2007,0.57714,3,6,2
07111,"Koblenz, kreisfreie Stadt",2008,0.62504,3,6,2
07111,"Koblenz, kreisfreie Stadt",2009,0.59129,3,6,2
07111,"Koblenz, kreisfreie Stadt",2010,0.62662,3,6,2
07111,"Koblenz, kreisfreie Stadt",2011,0.60382,3,6,2
07111,"Koblenz, kreisfreie Stadt",2012,0.58245,3,6,2
07111,"Koblenz, kreisfreie Stadt",2013,0.59051,3,6,2
07111,"Koblenz, kreisfreie Stadt",2014,0.60862,3,6,2
07111,"Koblenz, kreisfreie Stadt",2015,0.56903,3,6,2
07111,"Koblenz, kreisfreie Stadt",2016,0.54469,3,6,2
07111,"Koblenz, kreisfreie Stadt",2017,0.56784,3,6,2
07111,"Koblenz, kreisfreie Stadt",2018,0.58711,3,6,2
07111,"Koblenz, kreisfreie Stadt",2019,0.57302,3,6,2
07111,"Koblenz, kreisfreie Stadt",2020,0.56842,3,6,2
07111,"Koblenz, kreisfreie Stadt",2021,0.53428,3,6,2
07131,Ahrweiler,1998,0.53177,3,5,2
07131,Ahrweiler,1999,0.52436,3,5,2
07131,Ahrweiler,2000,0.44297,2,4,2
07131,Ahrweiler,2001,0.44449,2,4,2
07131,Ahrweiler,2002,0.51371,3,5,2
07131,Ahrweiler,2003,0.5454,3,6,2
07131,Ahrweiler,2004,0.50529,3,5,2
07131,Ahrweiler,2005,0.48714,2,4,2
07131,Ahrweiler,2006,0.49812,2,4,2
07131,Ahrweiler,2007,0.51479,2,4,2
07131,Ahrweiler,2008,0.56878,2,4,2
07131,Ahrweiler,2009,0.52574,2,4,2
07131,Ahrweiler,2010,0.54445,2,4,2
07131,Ahrweiler,2011,0.53631,3,5,2
07131,Ahrweiler,2012,0.52873,3,5,2
07131,Ahrweiler,2013,0.53661,3,5,2
07131,Ahrweiler,2014,0.53498,3,5,2
07131,Ahrweiler,2015,0.52714,3,5,2
07131,Ahrweiler,2016,0.49096,2,4,2
07131,Ahrweiler,2017,0.49848,2,4,2
07131,Ahrweiler,2018,0.51813,3,5,2
07131,Ahrweiler,2019,0.54558,3,5,2
07131,Ahrweiler,2020,0.53006,3,5,2
07131,Ahrweiler,2021,0.51208,3,5,2
07132,Altenkirchen (Westerwald),1998,0.6803,4,8,2
07132,Altenkirchen (Westerwald),1999,0.67122,4,8,2
07132,Altenkirchen (Westerwald),2000,0.60733,4,8,2
07132,Altenkirchen (Westerwald),2001,0.59106,4,7,2
07132,Altenkirchen (Westerwald),2002,0.60376,4,7,2
07132,Altenkirchen (Westerwald),2003,0.62588,4,8,2
07132,Altenkirchen (Westerwald),2004,0.62027,4,8,2
07132,Altenkirchen (Westerwald),2005,0.66533,4,8,2
07132,Altenkirchen (Westerwald),2006,0.67171,4,8,2
07132,Altenkirchen (Westerwald),2007,0.68913,4,8,2
07132,Altenkirchen (Westerwald),2008,0.71026,4,8,2
07132,Altenkirchen (Westerwald),2009,0.72716,4,8,2
07132,Altenkirchen (Westerwald),2010,0.71967,4,8,2
07132,Altenkirchen (Westerwald),2011,0.70406,4,8,2
07132,Altenkirchen (Westerwald),2012,0.68848,4,8,2
07132,Altenkirchen (Westerwald),2013,0.69142,4,8,2
07132,Altenkirchen (Westerwald),2014,0.70945,4,8,2
07132,Altenkirchen (Westerwald),2015,0.68394,4,8,2
07132,Altenkirchen (Westerwald),2016,0.6729,4,8,2
07132,Altenkirchen (Westerwald),2017,0.68129,4,8,2
07132,Altenkirchen (Westerwald),2018,0.69243,4,8,2
07132,Altenkirchen (Westerwald),2019,0.67621,4,8,2
07132,Altenkirchen (Westerwald),2020,0.68867,5,9,3
07132,Altenkirchen (Westerwald),2021,0.67404,5,9,3
07133,Bad Kreuznach,1998,0.65138,4,7,2
07133,Bad Kreuznach,1999,0.63442,4,7,2
07133,Bad Kreuznach,2000,0.57855,4,8,2
07133,Bad Kreuznach,2001,0.59366,4,7,2
07133,Bad Kreuznach,2002,0.57081,4,7,2
07133,Bad Kreuznach,2003,0.57145,4,7,2
07133,Bad Kreuznach,2004,0.55293,3,6,2
07133,Bad Kreuznach,2005,0.59005,4,7,2
07133,Bad Kreuznach,2006,0.60927,4,7,2
07133,Bad Kreuznach,2007,0.62244,4,7,2
07133,Bad Kreuznach,2008,0.65035,4,7,2
07133,Bad Kreuznach,2009,0.63542,4,7,2
07133,Bad Kreuznach,2010,0.63337,4,7,2
07133,Bad Kreuznach,2011,0.63689,4,7,2
07133,Bad Kreuznach,2012,0.64135,4,7,2
07133,Bad Kreuznach,2013,0.64465,4,7,2
07133,Bad Kreuznach,2014,0.65865,4,7,2
07133,Bad Kreuznach,2015,0.6468,4,7,2
07133,Bad Kreuznach,2016,0.61435,4,7,2
07133,Bad Kreuznach,2017,0.65984,4,8,2
07133,Bad Kreuznach,2018,0.64504,4,7,2
07133,Bad Kreuznach,2019,0.65008,4,8,2
07133,Bad Kreuznach,2020,0.66848,4,8,2
07133,Bad Kreuznach,2021,0.62425,4,8,2
07134,Birkenfeld,1998,0.78413,5,9,3
07134,Birkenfeld,1999,0.75451,5,9,3
07134,Birkenfeld,2000,0.69018,4,8,2
07134,Birkenfeld,2001,0.71343,5,9,3
07134,Birkenfeld,2002,0.66086,4,8,2
07134,Birkenfeld,2003,0.67371,4,8,2
07134,Birkenfeld,2004,0.62202,4,8,2
07134,Birkenfeld,2005,0.66354,4,8,2
07134,Birkenfeld,2006,0.68273,4,8,2
07134,Birkenfeld,2007,0.66592,4,8,2
07134,Birkenfeld,2008,0.72475,4,8,2
07134,Birkenfeld,2009,0.71949,4,8,2
07134,Birkenfeld,2010,0.7043,4,8,2
07134,Birkenfeld,2011,0.69609,4,8,2
07134,Birkenfeld,2012,0.69904,4,8,2
07134,Birkenfeld,2013,0.6954,4,8,2
07134,Birkenfeld,2014,0.76137,5,9,3
07134,Birkenfeld,2015,0.76485,5,9,3
07134,Birkenfeld,2016,0.69458,5,9,3
07134,Birkenfeld,2017,0.69545,5,9,3
07134,Birkenfeld,2018,0.71163,5,9,3
07134,Birkenfeld,2019,0.73209,5,9,3
07134,Birkenfeld,2020,0.73655,5,9,3
07134,Birkenfeld,2021,0.71592,5,9,3
07135,Cochem-Zell,1998,0.59022,3,6,2
07135,Cochem-Zell,1999,0.58226,4,7,2
07135,Cochem-Zell,2000,0.54654,4,7,2
07135,Cochem-Zell,2001,0.53503,3,6,2
07135,Cochem-Zell,2002,0.56474,3,6,2
07135,Cochem-Zell,2003,0.54681,3,6,2
07135,Cochem-Zell,2004,0.53892,3,6,2
07135,Cochem-Zell,2005,0.5884,4,7,2
07135,Cochem-Zell,2006,0.5952,3,6,2
07135,Cochem-Zell,2007,0.615,4,7,2
07135,Cochem-Zell,2008,0.67246,4,7,2
07135,Cochem-Zell,2009,0.62038,3,6,2
07135,Cochem-Zell,2010,0.64945,4,7,2
07135,Cochem-Zell,2011,0.64739,4,7,2
07135,Cochem-Zell,2012,0.61687,4,7,2
07135,Cochem-Zell,2013,0.65169,4,7,2
07135,Cochem-Zell,2014,0.65178,4,7,2
07135,Cochem-Zell,2015,0.65647,4,8,2
07135,Cochem-Zell,2016,0.60004,4,7,2
07135,Cochem-Zell,2017,0.59543,3,6,2
07135,Cochem-Zell,2018,0.65246,4,7,2
07135,Cochem-Zell,2019,0.64163,4,7,2
07135,Cochem-Zell,2020,0.63906,4,7,2
07135,Cochem-Zell,2021,0.60641,4,7,2
07137,Mayen-Koblenz,1998,0.59865,4,7,2
07137,Mayen-Koblenz,1999,0.59076,4,7,2
07137,Mayen-Koblenz,2000,0.492,3,5,2
07137,Mayen-Koblenz,2001,0.5347,3,6,2
07137,Mayen-Koblenz,2002,0.55325,3,6,2
07137,Mayen-Koblenz,2003,0.56085,3,6,2
07137,Mayen-Koblenz,2004,0.55682,4,7,2
07137,Mayen-Koblenz,2005,0.56276,3,6,2
07137,Mayen-Koblenz,2006,0.57931,3,6,2
07137,Mayen-Koblenz,2007,0.59616,3,6,2
07137,Mayen-Koblenz,2008,0.63318,3,6,2
07137,Mayen-Koblenz,2009,0.59302,3,6,2
07137,Mayen-Koblenz,2010,0.61845,3,6,2
07137,Mayen-Koblenz,2011,0.60858,3,6,2
07137,Mayen-Koblenz,2012,0.5993,3,6,2
07137,Mayen-Koblenz,2013,0.60571,3,6,2
07137,Mayen-Koblenz,2014,0.61322,3,6,2
07137,Mayen-Koblenz,2015,0.59266,3,6,2
07137,Mayen-Koblenz,2016,0.56872,3,6,2
07137,Mayen-Koblenz,2017,0.56602,3,6,2
07137,Mayen-Koblenz,2018,0.56821,3,6,2
07137,Mayen-Koblenz,2019,0.57119,3,6,2
07137,Mayen-Koblenz,2020,0.55058,3,6,2
07137,Mayen-Koblenz,2021,0.53183,3,6,2
07138,Neuwied,1998,0.54435,3,5,2
07138,Neuwied,1999,0.54363,3,5,2
07138,Neuwied,2000,0.4854,3,5,2
07138,Neuwied,2001,0.52193,3,6,2
07138,Neuwied,2002,0.54747,3,6,2
07138,Neuwied,2003,0.53282,3,5,2
07138,Neuwied,2004,0.52921,3,6,2
07138,Neuwied,2005,0.57482,3,6,2
07138,Neuwied,2006,0.58366,3,6,2
07138,Neuwied,2007,0.57521,3,6,2
07138,Neuwied,2008,0.64447,3,6,2
07138,Neuwied,2009,0.62205,3,6,2
07138,Neuwied,2010,0.60379,3,6,2
07138,Neuwied,2011,0.61648,3,6,2
07138,Neuwied,2012,0.63139,4,7,2
07138,Neuwied,2013,0.66025,4,7,2
07138,Neuwied,2014,0.64713,4,7,2
07138,Neuwied,2015,0.63458,4,7,2
07138,Neuwied,2016,0.62066,4,7,2
07138,Neuwied,2017,0.61838,4,7,2
07138,Neuwied,2018,0.6438,4,7,2
07138,Neuwied,2019,0.63419,4,7,2
07138,Neuwied,2020,0.6464,4,8,2
07138,Neuwied,2021,0.62438,4,8,2
07140,Rhein-Hunsrück-Kreis,1998,0.59395,4,7,2
07140,Rhein-Hunsrück-Kreis,1999,0.57788,3,6,2
07140,Rhein-Hunsrück-Kreis,2000,0.52849,3,6,2
07140,Rhein-Hunsrück-Kreis,2001,0.50261,3,5,2
07140,Rhein-Hunsrück-Kreis,2002,0.5357,3,6,2
07140,Rhein-Hunsrück-Kreis,2003,0.5394,3,6,2
07140,Rhein-Hunsrück-Kreis,2004,0.50963,3,5,2
07140,Rhein-Hunsrück-Kreis,2005,0.54862,3,5,2
07140,Rhein-Hunsrück-Kreis,2006,0.54019,3,5,2
07140,Rhein-Hunsrück-Kreis,2007,0.59499,3,6,2
07140,Rhein-Hunsrück-Kreis,2008,0.61771,3,6,2
07140,Rhein-Hunsrück-Kreis,2009,0.58322,3,5,2
07140,Rhein-Hunsrück-Kreis,2010,0.55466,3,5,2
07140,Rhein-Hunsrück-Kreis,2011,0.56356,3,5,2
07140,Rhein-Hunsrück-Kreis,2012,0.56835,3,6,2
07140,Rhein-Hunsrück-Kreis,2013,0.57168,3,6,2
07140,Rhein-Hunsrück-Kreis,2014,0.59279,3,6,2
07140,Rhein-Hunsrück-Kreis,2015,0.59325,3,6,2
07140,Rhein-Hunsrück-Kreis,2016,0.53204,3,5,2
07140,Rhein-Hunsrück-Kreis,2017,0.56292,3,6,2
07140,Rhein-Hunsrück-Kreis,2018,0.54249,3,5,2
07140,Rhein-Hunsrück-Kreis,2019,0.55215,3,5,2
07140,Rhein-Hunsrück-Kreis,2020,0.54491,3,5,2
07140,Rhein-Hunsrück-Kreis,2021,0.54177,3,6,2
07141,Rhein-Lahn-Kreis,1998,0.57627,3,6,2
07141,Rhein-Lahn-Kreis,1999,0.57093,3,6,2
07141,Rhein-Lahn-Kreis,2000,0.53059,4,7,2
07141,Rhein-Lahn-Kreis,2001,0.53126,3,6,2
07141,Rhein-Lahn-Kreis,2002,0.55037,3,6,2
07141,Rhein-Lahn-Kreis,2003,0.57298,4,7,2
07141,Rhein-Lahn-Kreis,2004,0.53954,3,6,2
07141,Rhein-Lahn-Kreis,2005,0.56687,3,6,2
07141,Rhein-Lahn-Kreis,2006,0.57148,3,6,2
07141,Rhein-Lahn-Kreis,2007,0.59197,3,6,2
07141,Rhein-Lahn-Kreis,2008,0.62725,3,6,2
07141,Rhein-Lahn-Kreis,2009,0.60603,3,6,2
07141,Rhein-Lahn-Kreis,2010,0.60039,3,6,2
07141,Rhein-Lahn-Kreis,2011,0.61472,3,6,2
07141,Rhein-Lahn-Kreis,2012,0.59091,3,6,2
07141,Rhein-Lahn-Kreis,2013,0.64196,4,7,2
07141,Rhein-Lahn-Kreis,2014,0.62519,4,7,2
07141,Rhein-Lahn-Kreis,2015,0.63468,4,7,2
07141,Rhein-Lahn-Kreis,2016,0.59926,4,7,2
07141,Rhein-Lahn-Kreis,2017,0.62779,4,7,2
07141,Rhein-Lahn-Kreis,2018,0.61666,4,7,2
07141,Rhein-Lahn-Kreis,2019,0.62984,4,7,2
07141,Rhein-Lahn-Kreis,2020,0.58628,3,6,2
07141,Rhein-Lahn-Kreis,2021,0.57489,4,7,2
07143,Westerwaldkreis,1998,0.58847,3,6,2
07143,Westerwaldkreis,1999,0.58036,4,7,2
07143,Westerwaldkreis,2000,0.52469,3,6,2
07143,Westerwaldkreis,2001,0.53467,3,6,2
07143,Westerwaldkreis,2002,0.5379,3,6,2
07143,Westerwaldkreis,2003,0.54833,3,6,2
07143,Westerwaldkreis,2004,0.53072,3,6,2
07143,Westerwaldkreis,2005,0.57634,3,6,2
07143,Westerwaldkreis,2006,0.57024,3,6,2
07143,Westerwaldkreis,2007,0.60048,3,6,2
07143,Westerwaldkreis,2008,0.62256,3,6,2
07143,Westerwaldkreis,2009,0.59222,3,6,2
07143,Westerwaldkreis,2010,0.61562,3,6,2
07143,Westerwaldkreis,2011,0.60622,3,6,2
07143,Westerwaldkreis,2012,0.59016,3,6,2
07143,Westerwaldkreis,2013,0.58453,3,6,2
07143,Westerwaldkreis,2014,0.60933,3,6,2
07143,Westerwaldkreis,2015,0.58514,3,6,2
07143,Westerwaldkreis,2016,0.56093,3,6,2
07143,Westerwaldkreis,2017,0.6099,4,7,2
07143,Westerwaldkreis,2018,0.60847,3,6,2
07143,Westerwaldkreis,2019,0.59658,3,6,2
07143,Westerwaldkreis,2020,0.58862,3,6,2
07143,Westerwaldkreis,2021,0.57365,4,7,2
07211,"Trier, kreisfreie Stadt",1998,0.60518,4,7,2
07211,"Trier, kreisfreie Stadt",1999,0.60524,4,7,2
07211,"Trier, kreisfreie Stadt",2000,0.56188,4,7,2
07211,"Trier, kreisfreie Stadt",2001,0.5496,4,7,2
07211,"Trier, kreisfreie Stadt",2002,0.55668,3,6,2
07211,"Trier, kreisfreie Stadt",2003,0.55805,3,6,2
07211,"Trier, kreisfreie Stadt",2004,0.54904,3,6,2
07211,"Trier, kreisfreie Stadt",2005,0.56619,3,6,2
07211,"Trier, kreisfreie Stadt",2006,0.60873,4,7,2
07211,"Trier, kreisfreie Stadt",2007,0.64071,4,7,2
07211,"Trier, kreisfreie Stadt",2008,0.68804,4,7,2
07211,"Trier, kreisfreie Stadt",2009,0.649,4,7,2
07211,"Trier, kreisfreie Stadt",2010,0.66155,4,7,2
07211,"Trier, kreisfreie Stadt",2011,0.67577,4,7,2
07211,"Trier, kreisfreie Stadt",2012,0.64258,4,7,2
07211,"Trier, kreisfreie Stadt",2013,0.64492,4,7,2
07211,"Trier, kreisfreie Stadt",2014,0.66393,4,7,2
07211,"Trier, kreisfreie Stadt",2015,0.70124,4,8,2
07211,"Trier, kreisfreie Stadt",2016,0.62782,4,7,2
07211,"Trier, kreisfreie Stadt",2017,0.64533,4,7,2
07211,"Trier, kreisfreie Stadt",2018,0.6598,4,7,2
07211,"Trier, kreisfreie Stadt",2019,0.68658,4,8,2
07211,"Trier, kreisfreie Stadt",2020,0.67227,4,8,2
07211,"Trier, kreisfreie Stadt",2021,0.63134,4,8,2
07231,Bernkastel-Wittlich,1998,0.54542,3,5,2
07231,Bernkastel-Wittlich,1999,0.53951,3,5,2
07231,Bernkastel-Wittlich,2000,0.51548,3,6,2
07231,Bernkastel-Wittlich,2001,0.52795,3,6,2
07231,Bernkastel-Wittlich,2002,0.56043,3,6,2
07231,Bernkastel-Wittlich,2003,0.53026,3,5,2
07231,Bernkastel-Wittlich,2004,0.53195,3,6,2
07231,Bernkastel-Wittlich,2005,0.53232,3,5,2
07231,Bernkastel-Wittlich,2006,0.54452,3,5,2
07231,Bernkastel-Wittlich,2007,0.58338,3,6,2
07231,Bernkastel-Wittlich,2008,0.60223,3,5,2
07231,Bernkastel-Wittlich,2009,0.58647,3,5,2
07231,Bernkastel-Wittlich,2010,0.57598,3,5,2
07231,Bernkastel-Wittlich,2011,0.60257,3,6,2
07231,Bernkastel-Wittlich,2012,0.60558,4,7,2
07231,Bernkastel-Wittlich,2013,0.60864,3,6,2
07231,Bernkastel-Wittlich,2014,0.65857,4,7,2
07231,Bernkastel-Wittlich,2015,0.61879,4,7,2
07231,Bernkastel-Wittlich,2016,0.58718,4,7,2
07231,Bernkastel-Wittlich,2017,0.61467,4,7,2
07231,Bernkastel-Wittlich,2018,0.63558,4,7,2
07231,Bernkastel-Wittlich,2019,0.62904,4,7,2
07231,Bernkastel-Wittlich,2020,0.61113,4,7,2
07231,Bernkastel-Wittlich,2021,0.60866,4,7,2
07232,Eifelkreis Bitburg-Prüm,1998,0.62207,4,7,2
07232,Eifelkreis Bitburg-Prüm,1999,0.61472,4,7,2
07232,Eifelkreis Bitburg-Prüm,2000,0.53802,4,7,2
07232,Eifelkreis Bitburg-Prüm,2001,0.57386,4,7,2
07232,Eifelkreis Bitburg-Prüm,2002,0.59875,4,7,2
07232,Eifelkreis Bitburg-Prüm,2003,0.60363,4,7,2
07232,Eifelkreis Bitburg-Prüm,2004,0.58163,4,7,2
07232,Eifelkreis Bitburg-Prüm,2005,0.58362,3,6,2
07232,Eifelkreis Bitburg-Prüm,2006,0.60131,4,7,2
07232,Eifelkreis Bitburg-Prüm,2007,0.62151,4,7,2
07232,Eifelkreis Bitburg-Prüm,2008,0.66621,4,7,2
07232,Eifelkreis Bitburg-Prüm,2009,0.6723,4,7,2
07232,Eifelkreis Bitburg-Prüm,2010,0.66769,4,7,2
07232,Eifelkreis Bitburg-Prüm,2011,0.65087,4,7,2
07232,Eifelkreis Bitburg-Prüm,2012,0.6581,4,7,2
07232,Eifelkreis Bitburg-Prüm,2013,0.65222,4,7,2
07232,Eifelkreis Bitburg-Prüm,2014,0.66854,4,7,2
07232,Eifelkreis Bitburg-Prüm,2015,0.65579,4,7,2
07232,Eifelkreis Bitburg-Prüm,2016,0.64193,4,8,2
07232,Eifelkreis Bitburg-Prüm,2017,0.67519,4,8,2
07232,Eifelkreis Bitburg-Prüm,2018,0.67456,4,8,2
07232,Eifelkreis Bitburg-Prüm,2019,0.67908,4,8,2
07232,Eifelkreis Bitburg-Prüm,2020,0.69384,5,9,3
07232,Eifelkreis Bitburg-Prüm,2021,0.64147,4,8,2
07233,Vulkaneifel,1998,0.54537,3,5,2
07233,Vulkaneifel,1999,0.54687,3,6,2
07233,Vulkaneifel,2000,0.47099,3,5,2
07233,Vulkaneifel,2001,0.4985,3,5,2
07233,Vulkaneifel,2002,0.53514,3,6,2
07233,Vulkaneifel,2003,0.52963,3,5,2
07233,Vulkaneifel,2004,0.52287,3,5,2
07233,Vulkaneifel,2005,0.55694,3,6,2
07233,Vulkaneifel,2006,0.55388,3,5,2
07233,Vulkaneifel,2007,0.5877,3,6,2
07233,Vulkaneifel,2008,0.63513,3,6,2
07233,Vulkaneifel,2009,0.58453,3,5,2
07233,Vulkaneifel,2010,0.62396,3,6,2
07233,Vulkaneifel,2011,0.62814,4,7,2
07233,Vulkaneifel,2012,0.63415,4,7,2
07233,Vulkaneifel,2013,0.64513,4,7,2
07233,Vulkaneifel,2014,0.66794,4,7,2
07233,Vulkaneifel,2015,0.65464,4,7,2
07233,Vulkaneifel,2016,0.62663,4,7,2
07233,Vulkaneifel,2017,0.63351,4,7,2
07233,Vulkaneifel,2018,0.65984,4,8,2
07233,Vulkaneifel,2019,0.62555,4,7,2
07233,Vulkaneifel,2020,0.617,4,7,2
07233,Vulkaneifel,2021,0.58494,4,7,2
07235,Trier-Saarburg,1998,0.54238,3,5,2
07235,Trier-Saarburg,1999,0.53849,3,5,2
07235,Trier-Saarburg,2000,0.53157,4,7,2
07235,Trier-Saarburg,2001,0.535,3,6,2
07235,Trier-Saarburg,2002,0.55421,3,6,2
07235,Trier-Saarburg,2003,0.51896,3,5,2
07235,Trier-Saarburg,2004,0.53862,3,6,2
07235,Trier-Saarburg,2005,0.56919,3,6,2
07235,Trier-Saarburg,2006,0.53959,3,5,2
07235,Trier-Saarburg,2007,0.56711,3,6,2
07235,Trier-Saarburg,2008,0.63824,3,6,2
07235,Trier-Saarburg,2009,0.638,4,7,2
07235,Trier-Saarburg,2010,0.64579,4,7,2
07235,Trier-Saarburg,2011,0.6394,4,7,2
07235,Trier-Saarburg,2012,0.64342,4,7,2
07235,Trier-Saarburg,2013,0.6624,4,7,2
07235,Trier-Saarburg,2014,0.66049,4,7,2
07235,Trier-Saarburg,2015,0.66603,4,8,2
07235,Trier-Saarburg,2016,0.66198,4,8,2
07235,Trier-Saarburg,2017,0.66566,4,8,2
07235,Trier-Saarburg,2018,0.64112,4,7,2
07235,Trier-Saarburg,2019,0.6442,4,7,2
07235,Trier-Saarburg,2020,0.65225,4,8,2
07235,Trier-Saarburg,2021,0.62242,4,8,2
07311,"Frankenthal (Pfalz), kreisfreie Stadt",1998,0.60468,4,7,2
07311,"Frankenthal (Pfalz), kreisfreie Stadt",1999,0.6007,4,7,2
07311,"Frankenthal (Pfalz), kreisfreie Stadt",2000,0.53995,4,7,2
07311,"Frankenthal (Pfalz), kreisfreie Stadt",2001,0.61221,4,8,2
07311,"Frankenthal (Pfalz), kreisfreie Stadt",2002,0.66736,4,8,2
07311,"Frankenthal (Pfalz), kreisfreie Stadt",2003,0.63457,4,8,2
07311,"Frankenthal (Pfalz), kreisfreie Stadt",2004,0.60049,4,7,2
07311,"Frankenthal (Pfalz), kreisfreie Stadt",2005,0.62884,4,7,2
07311,"Frankenthal (Pfalz), kreisfreie Stadt",2006,0.67368,4,8,2
07311,"Frankenthal (Pfalz), kreisfreie Stadt",2007,0.63594,4,7,2
07311,"Frankenthal (Pfalz), kreisfreie Stadt",2008,0.69979,4,7,2
07311,"Frankenthal (Pfalz), kreisfreie Stadt",2009,0.64939,4,7,2
07311,"Frankenthal (Pfalz), kreisfreie Stadt",2010,0.65776,4,7,2
07311,"Frankenthal (Pfalz), kreisfreie Stadt",2011,0.66963,4,7,2
07311,"Frankenthal (Pfalz), kreisfreie Stadt",2012,0.60147,3,6,2
07311,"Frankenthal (Pfalz), kreisfreie Stadt",2013,0.65262,4,7,2
07311,"Frankenthal (Pfalz), kreisfreie Stadt",2014,0.63703,4,7,2
07311,"Frankenthal (Pfalz), kreisfreie Stadt",2015,0.61251,4,7,2
07311,"Frankenthal (Pfalz), kreisfreie Stadt",2016,0.5926,4,7,2
07311,"Frankenthal (Pfalz), kreisfreie Stadt",2017,0.66125,4,8,2
07311,"Frankenthal (Pfalz), kreisfreie Stadt",2018,0.67248,4,8,2
07311,"Frankenthal (Pfalz), kreisfreie Stadt",2019,0.71735,5,9,3
07311,"Frankenthal (Pfalz), kreisfreie Stadt",2020,0.69956,5,9,3
07311,"Frankenthal (Pfalz), kreisfreie Stadt",2021,0.65651,4,8,2
07312,"Kaiserslautern, kreisfreie Stadt",1998,0.77111,5,9,3
07312,"Kaiserslautern, kreisfreie Stadt",1999,0.75444,5,9,3
07312,"Kaiserslautern, kreisfreie Stadt",2000,0.61683,4,8,2
07312,"Kaiserslautern, kreisfreie Stadt",2001,0.67636,4,8,2
07312,"Kaiserslautern, kreisfreie Stadt",2002,0.63773,4,8,2
07312,"Kaiserslautern, kreisfreie Stadt",2003,0.65729,4,8,2
07312,"Kaiserslautern, kreisfreie Stadt",2004,0.65633,4,8,2
07312,"Kaiserslautern, kreisfreie Stadt",2005,0.66612,4,8,2
07312,"Kaiserslautern, kreisfreie Stadt",2006,0.72409,4,8,2
07312,"Kaiserslautern, kreisfreie Stadt",2007,0.71844,4,8,2
07312,"Kaiserslautern, kreisfreie Stadt",2008,0.76466,5,9,3
07312,"Kaiserslautern, kreisfreie Stadt",2009,0.73135,4,8,2
07312,"Kaiserslautern, kreisfreie Stadt",2010,0.7778,5,9,3
07312,"Kaiserslautern, kreisfreie Stadt",2011,0.74581,5,9,3
07312,"Kaiserslautern, kreisfreie Stadt",2012,0.73979,5,9,3
07312,"Kaiserslautern, kreisfreie Stadt",2013,0.73714,5,9,3
07312,"Kaiserslautern, kreisfreie Stadt",2014,0.77761,5,9,3
07312,"Kaiserslautern, kreisfreie Stadt",2015,0.71311,5,9,3
07312,"Kaiserslautern, kreisfreie Stadt",2016,0.71151,5,9,3
07312,"Kaiserslautern, kreisfreie Stadt",2017,0.72844,5,9,3
07312,"Kaiserslautern, kreisfreie Stadt",2018,0.74129,5,9,3
07312,"Kaiserslautern, kreisfreie Stadt",2019,0.74775,5,9,3
07312,"Kaiserslautern, kreisfreie Stadt",2020,0.73463,5,9,3
07312,"Kaiserslautern, kreisfreie Stadt",2021,0.6936,5,9,3
07313,"Landau in der Pfalz, kreisfreie Stadt",1998,0.56771,3,6,2
07313,"Landau in der Pfalz, kreisfreie Stadt",1999,0.56171,3,6,2
07313,"Landau in der Pfalz, kreisfreie Stadt",2000,0.51459,3,6,2
07313,"Landau in der Pfalz, kreisfreie Stadt",2001,0.46985,2,4,2
07313,"Landau in der Pfalz, kreisfreie Stadt",2002,0.56696,4,7,2
07313,"Landau in der Pfalz, kreisfreie Stadt",2003,0.47394,2,4,2
07313,"Landau in der Pfalz, kreisfreie Stadt",2004,0.52415,3,5,2
07313,"Landau in der Pfalz, kreisfreie Stadt",2005,0.53374,3,5,2
07313,"Landau in der Pfalz, kreisfreie Stadt",2006,0.56595,3,6,2
07313,"Landau in der Pfalz, kreisfreie Stadt",2007,0.57349000000000006,3,6,2
07313,"Landau in der Pfalz, kreisfreie Stadt",2008,0.64854,3,6,2
07313,"Landau in der Pfalz, kreisfreie Stadt",2009,0.56298,3,5,2
07313,"Landau in der Pfalz, kreisfreie Stadt",2010,0.6024,3,6,2
07313,"Landau in der Pfalz, kreisfreie Stadt",2011,0.58506,3,6,2
07313,"Landau in der Pfalz, kreisfreie Stadt",2012,0.55419,3,5,2
07313,"Landau in der Pfalz, kreisfreie Stadt",2013,0.56145,3,5,2
07313,"Landau in der Pfalz, kreisfreie Stadt",2014,0.58715,3,6,2
07313,"Landau in der Pfalz, kreisfreie Stadt",2015,0.62395,4,7,2
07313,"Landau in der Pfalz, kreisfreie Stadt",2016,0.60626,4,7,2
07313,"Landau in der Pfalz, kreisfreie Stadt",2017,0.58643,3,6,2
07313,"Landau in der Pfalz, kreisfreie Stadt",2018,0.58703,3,6,2
07313,"Landau in der Pfalz, kreisfreie Stadt",2019,0.57807,3,6,2
07313,"Landau in der Pfalz, kreisfreie Stadt",2020,0.60535,4,7,2
07313,"Landau in der Pfalz, kreisfreie Stadt",2021,0.54894,3,6,2
07314,"Ludwigshafen am Rhein, kreisfreie Stadt",1998,0.66872,4,8,2
07314,"Ludwigshafen am Rhein, kreisfreie Stadt",1999,0.67363,4,8,2
07314,"Ludwigshafen am Rhein, kreisfreie Stadt",2000,0.57793,4,7,2
07314,"Ludwigshafen am Rhein, kreisfreie Stadt",2001,0.7128,5,9,3
07314,"Ludwigshafen am Rhein, kreisfreie Stadt",2002,0.65495,4,8,2
07314,"Ludwigshafen am Rhein, kreisfreie Stadt",2003,0.71177,5,9,3
07314,"Ludwigshafen am Rhein, kreisfreie Stadt",2004,0.69076,5,9,3
07314,"Ludwigshafen am Rhein, kreisfreie Stadt",2005,0.6951,4,8,2
07314,"Ludwigshafen am Rhein, kreisfreie Stadt",2006,0.71267,4,8,2
07314,"Ludwigshafen am Rhein, kreisfreie Stadt",2007,0.76625,5,9,3
07314,"Ludwigshafen am Rhein, kreisfreie Stadt",2008,0.771,5,9,3
07314,"Ludwigshafen am Rhein, kreisfreie Stadt",2009,0.69825,4,8,2
07314,"Ludwigshafen am Rhein, kreisfreie Stadt",2010,0.73243,4,8,2
07314,"Ludwigshafen am Rhein, kreisfreie Stadt",2011,0.72687,5,9,3
07314,"Ludwigshafen am Rhein, kreisfreie Stadt",2012,0.65848,4,8,2
07314,"Ludwigshafen am Rhein, kreisfreie Stadt",2013,0.68935,4,8,2
07314,"Ludwigshafen am Rhein, kreisfreie Stadt",2014,0.74352,5,9,3
07314,"Ludwigshafen am Rhein, kreisfreie Stadt",2015,0.69442,4,8,2
07314,"Ludwigshafen am Rhein, kreisfreie Stadt",2016,0.68724,5,9,3
07314,"Ludwigshafen am Rhein, kreisfreie Stadt",2017,0.75576,5,10,3
07314,"Ludwigshafen am Rhein, kreisfreie Stadt",2018,0.74383,5,9,3
07314,"Ludwigshafen am Rhein, kreisfreie Stadt",2019,0.74133,5,9,3
07314,"Ludwigshafen am Rhein, kreisfreie Stadt",2020,0.74224,5,9,3
07314,"Ludwigshafen am Rhein, kreisfreie Stadt",2021,0.75227,5,10,3
07315,"Mainz, kreisfreie Stadt",1998,0.32757,1,1,1
07315,"Mainz, kreisfreie Stadt",1999,0.32289,1,1,1
07315,"Mainz, kreisfreie Stadt",2000,0.24088,1,1,1
07315,"Mainz, kreisfreie Stadt",2001,0.23542,1,1,1
07315,"Mainz, kreisfreie Stadt",2002,0.27921,1,1,1
07315,"Mainz, kreisfreie Stadt",2003,0.30077,1,1,1
07315,"Mainz, kreisfreie Stadt",2004,0.26985,1,1,1
07315,"Mainz, kreisfreie Stadt",2005,0.28931,1,1,1
07315,"Mainz, kreisfreie Stadt",2006,0.31543,1,1,1
07315,"Mainz, kreisfreie Stadt",2007,0.34138,1,1,1
07315,"Mainz, kreisfreie Stadt",2008,0.3861,1,1,1
07315,"Mainz, kreisfreie Stadt",2009,0.3523,1,1,1
07315,"Mainz, kreisfreie Stadt",2010,0.35335,1,1,1
07315,"Mainz, kreisfreie Stadt",2011,0.35516,1,1,1
07315,"Mainz, kreisfreie Stadt",2012,0.29813,1,1,1
07315,"Mainz, kreisfreie Stadt",2013,0.32356,1,1,1
07315,"Mainz, kreisfreie Stadt",2014,0.33254,1,1,1
07315,"Mainz, kreisfreie Stadt",2015,0.33896,1,1,1
07315,"Mainz, kreisfreie Stadt",2016,0.30841,1,1,1
07315,"Mainz, kreisfreie Stadt",2017,0.31431,1,1,1
07315,"Mainz, kreisfreie Stadt",2018,0.33501,1,1,1
07315,"Mainz, kreisfreie Stadt",2019,0.35274,1,2,1
07315,"Mainz, kreisfreie Stadt",2020,0.32588,1,1,1
07315,"Mainz, kreisfreie Stadt",2021,0.32413,1,1,1
07316,"Neustadt an der Weinstraße, kreisfreie Stadt",1998,0.56947,3,6,2
07316,"Neustadt an der Weinstraße, kreisfreie Stadt",1999,0.55199,3,6,2
07316,"Neustadt an der Weinstraße, kreisfreie Stadt",2000,0.49979,3,6,2
07316,"Neustadt an der Weinstraße, kreisfreie Stadt",2001,0.4729,2,4,2
07316,"Neustadt an der Weinstraße, kreisfreie Stadt",2002,0.54137,3,6,2
07316,"Neustadt an der Weinstraße, kreisfreie Stadt",2003,0.53097,3,5,2
07316,"Neustadt an der Weinstraße, kreisfreie Stadt",2004,0.46308,2,4,2
07316,"Neustadt an der Weinstraße, kreisfreie Stadt",2005,0.51102,2,4,2
07316,"Neustadt an der Weinstraße, kreisfreie Stadt",2006,0.52873,3,5,2
07316,"Neustadt an der Weinstraße, kreisfreie Stadt",2007,0.51874,2,4,2
07316,"Neustadt an der Weinstraße, kreisfreie Stadt",2008,0.60489,3,5,2
07316,"Neustadt an der Weinstraße, kreisfreie Stadt",2009,0.56187,3,5,2
07316,"Neustadt an der Weinstraße, kreisfreie Stadt",2010,0.55161,3,5,2
07316,"Neustadt an der Weinstraße, kreisfreie Stadt",2011,0.55062,3,5,2
07316,"Neustadt an der Weinstraße, kreisfreie Stadt",2012,0.50021,2,4,2
07316,"Neustadt an der Weinstraße, kreisfreie Stadt",2013,0.53218,3,5,2
07316,"Neustadt an der Weinstraße, kreisfreie Stadt",2014,0.52303,2,4,2
07316,"Neustadt an der Weinstraße, kreisfreie Stadt",2015,0.51029,2,4,2
07316,"Neustadt an der Weinstraße, kreisfreie Stadt",2016,0.47836,2,4,2
07316,"Neustadt an der Weinstraße, kreisfreie Stadt",2017,0.49861,2,4,2
07316,"Neustadt an der Weinstraße, kreisfreie Stadt",2018,0.49777,2,4,2
07316,"Neustadt an der Weinstraße, kreisfreie Stadt",2019,0.52384,3,5,2
07316,"Neustadt an der Weinstraße, kreisfreie Stadt",2020,0.49863,2,4,2
07316,"Neustadt an der Weinstraße, kreisfreie Stadt",2021,0.49984,3,5,2
07317,"Pirmasens, kreisfreie Stadt",1998,1,5,10,3
07317,"Pirmasens, kreisfreie Stadt",1999,0.97572,5,10,3
07317,"Pirmasens, kreisfreie Stadt",2000,0.90011,5,10,3
07317,"Pirmasens, kreisfreie Stadt",2001,0.93139,5,10,3
07317,"Pirmasens, kreisfreie Stadt",2002,0.89606,5,10,3
07317,"Pirmasens, kreisfreie Stadt",2003,0.88625,5,10,3
07317,"Pirmasens, kreisfreie Stadt",2004,0.92991,5,10,3
07317,"Pirmasens, kreisfreie Stadt",2005,0.92322,5,10,3
07317,"Pirmasens, kreisfreie Stadt",2006,0.93361,5,10,3
07317,"Pirmasens, kreisfreie Stadt",2007,0.94146,5,10,3
07317,"Pirmasens, kreisfreie Stadt",2008,0.95474,5,10,3
07317,"Pirmasens, kreisfreie Stadt",2009,0.93041,5,10,3
07317,"Pirmasens, kreisfreie Stadt",2010,0.93738,5,10,3
07317,"Pirmasens, kreisfreie Stadt",2011,1,5,10,3
07317,"Pirmasens, kreisfreie Stadt",2012,1,5,10,3
07317,"Pirmasens, kreisfreie Stadt",2013,0.97013,5,10,3
07317,"Pirmasens, kreisfreie Stadt",2014,0.99092,5,10,3
07317,"Pirmasens, kreisfreie Stadt",2015,0.96049,5,10,3
07317,"Pirmasens, kreisfreie Stadt",2016,0.95252,5,10,3
07317,"Pirmasens, kreisfreie Stadt",2017,0.97965,5,10,3
07317,"Pirmasens, kreisfreie Stadt",2018,0.9971,5,10,3
07317,"Pirmasens, kreisfreie Stadt",2019,0.98232,5,10,3
07317,"Pirmasens, kreisfreie Stadt",2020,0.98164,5,10,3
07317,"Pirmasens, kreisfreie Stadt",2021,0.93714,5,10,3
07318,"Speyer, kreisfreie Stadt",1998,0.49745,2,4,2
07318,"Speyer, kreisfreie Stadt",1999,0.48868,2,4,2
07318,"Speyer, kreisfreie Stadt",2000,0.44997,2,4,2
07318,"Speyer, kreisfreie Stadt",2001,0.47756,2,4,2
07318,"Speyer, kreisfreie Stadt",2002,0.49678,3,5,2
07318,"Speyer, kreisfreie Stadt",2003,0.50699,3,5,2
07318,"Speyer, kreisfreie Stadt",2004,0.47667,2,4,2
07318,"Speyer, kreisfreie Stadt",2005,0.47285,2,4,2
07318,"Speyer, kreisfreie Stadt",2006,0.45883,2,3,2
07318,"Speyer, kreisfreie Stadt",2007,0.47352,2,3,2
07318,"Speyer, kreisfreie Stadt",2008,0.53351,2,4,2
07318,"Speyer, kreisfreie Stadt",2009,0.50937,2,3,2
07318,"Speyer, kreisfreie Stadt",2010,0.50144,2,3,2
07318,"Speyer, kreisfreie Stadt",2011,0.46141,2,3,2
07318,"Speyer, kreisfreie Stadt",2012,0.46826,2,3,2
07318,"Speyer, kreisfreie Stadt",2013,0.48376,2,3,2
07318,"Speyer, kreisfreie Stadt",2014,0.49048,2,3,2
07318,"Speyer, kreisfreie Stadt",2015,0.46765,2,3,2
07318,"Speyer, kreisfreie Stadt",2016,0.46337,2,4,2
07318,"Speyer, kreisfreie Stadt",2017,0.4614,2,3,2
07318,"Speyer, kreisfreie Stadt",2018,0.48342,2,3,2
07318,"Speyer, kreisfreie Stadt",2019,0.47317,2,4,2
07318,"Speyer, kreisfreie Stadt",2020,0.49428,2,4,2
07318,"Speyer, kreisfreie Stadt",2021,0.47329,2,4,2
07319,"Worms, kreisfreie Stadt",1998,0.74078,4,8,2
07319,"Worms, kreisfreie Stadt",1999,0.73537,4,8,2
07319,"Worms, kreisfreie Stadt",2000,0.6793,4,8,2
07319,"Worms, kreisfreie Stadt",2001,0.71536,5,9,3
07319,"Worms, kreisfreie Stadt",2002,0.68529,4,8,2
07319,"Worms, kreisfreie Stadt",2003,0.67189,4,8,2
07319,"Worms, kreisfreie Stadt",2004,0.68078,4,8,2
07319,"Worms, kreisfreie Stadt",2005,0.70675,4,8,2
07319,"Worms, kreisfreie Stadt",2006,0.76935,5,9,3
07319,"Worms, kreisfreie Stadt",2007,0.76665,5,9,3
07319,"Worms, kreisfreie Stadt",2008,0.77364,5,9,3
07319,"Worms, kreisfreie Stadt",2009,0.74663,5,9,3
07319,"Worms, kreisfreie Stadt",2010,0.74418,5,9,3
07319,"Worms, kreisfreie Stadt",2011,0.71431,4,8,2
07319,"Worms, kreisfreie Stadt",2012,0.74028,5,9,3
07319,"Worms, kreisfreie Stadt",2013,0.76979,5,9,3
07319,"Worms, kreisfreie Stadt",2014,0.80079,5,9,3
07319,"Worms, kreisfreie Stadt",2015,0.76381,5,9,3
07319,"Worms, kreisfreie Stadt",2016,0.77028,5,10,3
07319,"Worms, kreisfreie Stadt",2017,0.76928,5,10,3
07319,"Worms, kreisfreie Stadt",2018,0.76764,5,10,3
07319,"Worms, kreisfreie Stadt",2019,0.74614,5,9,3
07319,"Worms, kreisfreie Stadt",2020,0.75254,5,10,3
07319,"Worms, kreisfreie Stadt",2021,0.71895,5,10,3
07320,"Zweibrücken, kreisfreie Stadt",1998,0.63152,4,7,2
07320,"Zweibrücken, kreisfreie Stadt",1999,0.62784,4,7,2
07320,"Zweibrücken, kreisfreie Stadt",2000,0.55376,4,7,2
07320,"Zweibrücken, kreisfreie Stadt",2001,0.58627,4,7,2
07320,"Zweibrücken, kreisfreie Stadt",2002,0.64045,4,8,2
07320,"Zweibrücken, kreisfreie Stadt",2003,0.62321,4,7,2
07320,"Zweibrücken, kreisfreie Stadt",2004,0.64002,4,8,2
07320,"Zweibrücken, kreisfreie Stadt",2005,0.63278,4,7,2
07320,"Zweibrücken, kreisfreie Stadt",2006,0.66883,4,8,2
07320,"Zweibrücken, kreisfreie Stadt",2007,0.63963,4,7,2
07320,"Zweibrücken, kreisfreie Stadt",2008,0.6824,4,7,2
07320,"Zweibrücken, kreisfreie Stadt",2009,0.65769,4,7,2
07320,"Zweibrücken, kreisfreie Stadt",2010,0.63287,4,7,2
07320,"Zweibrücken, kreisfreie Stadt",2011,0.63771,4,7,2
07320,"Zweibrücken, kreisfreie Stadt",2012,0.65666,4,7,2
07320,"Zweibrücken, kreisfreie Stadt",2013,0.65939,4,7,2
07320,"Zweibrücken, kreisfreie Stadt",2014,0.63853,4,7,2
07320,"Zweibrücken, kreisfreie Stadt",2015,0.69602,4,8,2
07320,"Zweibrücken, kreisfreie Stadt",2016,0.67173,4,8,2
07320,"Zweibrücken, kreisfreie Stadt",2017,0.69167,4,8,2
07320,"Zweibrücken, kreisfreie Stadt",2018,0.65984,4,8,2
07320,"Zweibrücken, kreisfreie Stadt",2019,0.66057,4,8,2
07320,"Zweibrücken, kreisfreie Stadt",2020,0.66603,4,8,2
07320,"Zweibrücken, kreisfreie Stadt",2021,0.62077,4,8,2
07331,Alzey-Worms,1998,0.55317,3,5,2
07331,Alzey-Worms,1999,0.5493,3,6,2
07331,Alzey-Worms,2000,0.50238,3,6,2
07331,Alzey-Worms,2001,0.49083,3,5,2
07331,Alzey-Worms,2002,0.47837,2,4,2
07331,Alzey-Worms,2003,0.51488,3,5,2
07331,Alzey-Worms,2004,0.51288,3,5,2
07331,Alzey-Worms,2005,0.51704,3,5,2
07331,Alzey-Worms,2006,0.55757,3,5,2
07331,Alzey-Worms,2007,0.54273,3,5,2
07331,Alzey-Worms,2008,0.60687,3,5,2
07331,Alzey-Worms,2009,0.55239,3,5,2
07331,Alzey-Worms,2010,0.53024,2,4,2
07331,Alzey-Worms,2011,0.5543,3,5,2
07331,Alzey-Worms,2012,0.54544,3,5,2
07331,Alzey-Worms,2013,0.54323,3,5,2
07331,Alzey-Worms,2014,0.55012,3,5,2
07331,Alzey-Worms,2015,0.55686,3,5,2
07331,Alzey-Worms,2016,0.55655,3,6,2
07331,Alzey-Worms,2017,0.54615,3,5,2
07331,Alzey-Worms,2018,0.56879,3,6,2
07331,Alzey-Worms,2019,0.57322,3,6,2
07331,Alzey-Worms,2020,0.55631,3,6,2
07331,Alzey-Worms,2021,0.54337,3,6,2
07332,Bad Dürkheim,1998,0.5032,2,4,2
07332,Bad Dürkheim,1999,0.49031,2,4,2
07332,Bad Dürkheim,2000,0.43728,2,4,2
07332,Bad Dürkheim,2001,0.4392,2,4,2
07332,Bad Dürkheim,2002,0.43767,2,3,2
07332,Bad Dürkheim,2003,0.42833,2,3,2
07332,Bad Dürkheim,2004,0.41683,2,3,2
07332,Bad Dürkheim,2005,0.41649,2,3,2
07332,Bad Dürkheim,2006,0.46219,2,3,2
07332,Bad Dürkheim,2007,0.47233,2,3,2
07332,Bad Dürkheim,2008,0.51739,2,3,2
07332,Bad Dürkheim,2009,0.49044,2,3,2
07332,Bad Dürkheim,2010,0.50616,2,3,2
07332,Bad Dürkheim,2011,0.494,2,4,2
07332,Bad Dürkheim,2012,0.48882,2,4,2
07332,Bad Dürkheim,2013,0.49876,2,4,2
07332,Bad Dürkheim,2014,0.54076,3,5,2
07332,Bad Dürkheim,2015,0.53018,3,5,2
07332,Bad Dürkheim,2016,0.53161,3,5,2
07332,Bad Dürkheim,2017,0.53355,3,5,2
07332,Bad Dürkheim,2018,0.54719,3,5,2
07332,Bad Dürkheim,2019,0.51653,3,5,2
07332,Bad Dürkheim,2020,0.52508,3,5,2
07332,Bad Dürkheim,2021,0.51366,3,5,2
07333,Donnersbergkreis,1998,0.63103,4,7,2
07333,Donnersbergkreis,1999,0.62544,4,7,2
07333,Donnersbergkreis,2000,0.60372,4,8,2
07333,Donnersbergkreis,2001,0.59669,4,7,2
07333,Donnersbergkreis,2002,0.62324,4,8,2
07333,Donnersbergkreis,2003,0.63219,4,8,2
07333,Donnersbergkreis,2004,0.61231,4,8,2
07333,Donnersbergkreis,2005,0.62731,4,7,2
07333,Donnersbergkreis,2006,0.62126,4,7,2
07333,Donnersbergkreis,2007,0.64782,4,7,2
07333,Donnersbergkreis,2008,0.67909,4,7,2
07333,Donnersbergkreis,2009,0.6547,4,7,2
07333,Donnersbergkreis,2010,0.66808,4,7,2
07333,Donnersbergkreis,2011,0.6607,4,7,2
07333,Donnersbergkreis,2012,0.64045,4,7,2
07333,Donnersbergkreis,2013,0.65799,4,7,2
07333,Donnersbergkreis,2014,0.67013,4,7,2
07333,Donnersbergkreis,2015,0.6254,4,7,2
07333,Donnersbergkreis,2016,0.61224,4,7,2
07333,Donnersbergkreis,2017,0.66925,4,8,2
07333,Donnersbergkreis,2018,0.64798,4,7,2
07333,Donnersbergkreis,2019,0.68543,4,8,2
07333,Donnersbergkreis,2020,0.63401,4,7,2
07333,Donnersbergkreis,2021,0.6628,5,9,3
07334,Germersheim,1998,0.53471,3,5,2
07334,Germersheim,1999,0.52165,3,5,2
07334,Germersheim,2000,0.49134,3,5,2
07334,Germersheim,2001,0.51137,3,6,2
07334,Germersheim,2002,0.52781,3,5,2
07334,Germersheim,2003,0.53788,3,6,2
07334,Germersheim,2004,0.48921,3,5,2
07334,Germersheim,2005,0.48219,2,4,2
07334,Germersheim,2006,0.51476,2,4,2
07334,Germersheim,2007,0.49572,2,4,2
07334,Germersheim,2008,0.54466,2,4,2
07334,Germersheim,2009,0.4913,2,3,2
07334,Germersheim,2010,0.50525,2,3,2
07334,Germersheim,2011,0.48671,2,3,2
07334,Germersheim,2012,0.50863,2,4,2
07334,Germersheim,2013,0.50169,2,4,2
07334,Germersheim,2014,0.53815,3,5,2
07334,Germersheim,2015,0.48704,2,4,2
07334,Germersheim,2016,0.48594,2,4,2
07334,Germersheim,2017,0.51295,3,5,2
07334,Germersheim,2018,0.48128,2,3,2
07334,Germersheim,2019,0.47164,2,4,2
07334,Germersheim,2020,0.48684,2,4,2
07334,Germersheim,2021,0.46122,2,4,2
07335,Kaiserslautern,1998,0.7383,4,8,2
07335,Kaiserslautern,1999,0.71415,4,8,2
07335,Kaiserslautern,2000,0.61738,4,8,2
07335,Kaiserslautern,2001,0.59456,4,7,2
07335,Kaiserslautern,2002,0.61078,4,7,2
07335,Kaiserslautern,2003,0.58373,4,7,2
07335,Kaiserslautern,2004,0.60961,4,7,2
07335,Kaiserslautern,2005,0.5721,3,6,2
07335,Kaiserslautern,2006,0.60317,4,7,2
07335,Kaiserslautern,2007,0.66482,4,8,2
07335,Kaiserslautern,2008,0.66438,4,7,2
07335,Kaiserslautern,2009,0.63572,4,7,2
07335,Kaiserslautern,2010,0.65763,4,7,2
07335,Kaiserslautern,2011,0.64378,4,7,2
07335,Kaiserslautern,2012,0.64193,4,7,2
07335,Kaiserslautern,2013,0.66223,4,7,2
07335,Kaiserslautern,2014,0.66255,4,7,2
07335,Kaiserslautern,2015,0.65691,4,8,2
07335,Kaiserslautern,2016,0.60471,4,7,2
07335,Kaiserslautern,2017,0.64278,4,7,2
07335,Kaiserslautern,2018,0.67841,4,8,2
07335,Kaiserslautern,2019,0.66139,4,8,2
07335,Kaiserslautern,2020,0.68073,4,8,2
07335,Kaiserslautern,2021,0.62714,4,8,2
07336,Kusel,1998,0.66689,4,8,2
07336,Kusel,1999,0.64986,4,8,2
07336,Kusel,2000,0.61209,4,8,2
07336,Kusel,2001,0.59952,4,8,2
07336,Kusel,2002,0.65575,4,8,2
07336,Kusel,2003,0.65711,4,8,2
07336,Kusel,2004,0.61742,4,8,2
07336,Kusel,2005,0.66049,4,8,2
07336,Kusel,2006,0.66988,4,8,2
07336,Kusel,2007,0.70598,4,8,2
07336,Kusel,2008,0.70472,4,7,2
07336,Kusel,2009,0.71291,4,8,2
07336,Kusel,2010,0.69135,4,8,2
07336,Kusel,2011,0.68937,4,8,2
07336,Kusel,2012,0.69583,4,8,2
07336,Kusel,2013,0.67045,4,8,2
07336,Kusel,2014,0.716,4,8,2
07336,Kusel,2015,0.70498,5,9,3
07336,Kusel,2016,0.66901,4,8,2
07336,Kusel,2017,0.74154,5,9,3
07336,Kusel,2018,0.76281,5,9,3
07336,Kusel,2019,0.70739,5,9,3
07336,Kusel,2020,0.68059,4,8,2
07336,Kusel,2021,0.6693,5,9,3
07337,Südliche Weinstraße,1998,0.49306,2,4,2
07337,Südliche Weinstraße,1999,0.4872,2,4,2
07337,Südliche Weinstraße,2000,0.45799,2,4,2
07337,Südliche Weinstraße,2001,0.481,3,5,2
07337,Südliche Weinstraße,2002,0.48111,2,4,2
07337,Südliche Weinstraße,2003,0.47991,2,4,2
07337,Südliche Weinstraße,2004,0.44662,2,4,2
07337,Südliche Weinstraße,2005,0.44399,2,3,2
07337,Südliche Weinstraße,2006,0.45084,2,3,2
07337,Südliche Weinstraße,2007,0.47398,2,3,2
07337,Südliche Weinstraße,2008,0.5295,2,4,2
07337,Südliche Weinstraße,2009,0.51209,2,3,2
07337,Südliche Weinstraße,2010,0.5215,2,4,2
07337,Südliche Weinstraße,2011,0.50778,2,4,2
07337,Südliche Weinstraße,2012,0.52051,3,5,2
07337,Südliche Weinstraße,2013,0.52158,2,4,2
07337,Südliche Weinstraße,2014,0.52902,2,4,2
07337,Südliche Weinstraße,2015,0.53244,3,5,2
07337,Südliche Weinstraße,2016,0.50162,3,5,2
07337,Südliche Weinstraße,2017,0.52453,3,5,2
07337,Südliche Weinstraße,2018,0.5042,2,4,2
07337,Südliche Weinstraße,2019,0.51383,3,5,2
07337,Südliche Weinstraße,2020,0.51001,3,5,2
07337,Südliche Weinstraße,2021,0.48391,2,4,2
07338,Rhein-Pfalz-Kreis,1998,0.39979,1,2,1
07338,Rhein-Pfalz-Kreis,1999,0.39153,1,2,1
07338,Rhein-Pfalz-Kreis,2000,0.3696,2,3,2
07338,Rhein-Pfalz-Kreis,2001,0.33250999999999997,1,2,1
07338,Rhein-Pfalz-Kreis,2002,0.3826,1,2,1
07338,Rhein-Pfalz-Kreis,2003,0.36733,1,2,1
07338,Rhein-Pfalz-Kreis,2004,0.35219,1,2,1
07338,Rhein-Pfalz-Kreis,2005,0.33857,1,1,1
07338,Rhein-Pfalz-Kreis,2006,0.36989,1,2,1
07338,Rhein-Pfalz-Kreis,2007,0.38332,1,2,1
07338,Rhein-Pfalz-Kreis,2008,0.46244,2,3,2
07338,Rhein-Pfalz-Kreis,2009,0.43949,1,2,1
07338,Rhein-Pfalz-Kreis,2010,0.42594,1,2,1
07338,Rhein-Pfalz-Kreis,2011,0.42395,1,2,1
07338,Rhein-Pfalz-Kreis,2012,0.40468,1,2,1
07338,Rhein-Pfalz-Kreis,2013,0.41345,1,2,1
07338,Rhein-Pfalz-Kreis,2014,0.41058,1,2,1
07338,Rhein-Pfalz-Kreis,2015,0.40105,1,2,1
07338,Rhein-Pfalz-Kreis,2016,0.40775,2,3,2
07338,Rhein-Pfalz-Kreis,2017,0.41314,2,3,2
07338,Rhein-Pfalz-Kreis,2018,0.42777,2,3,2
07338,Rhein-Pfalz-Kreis,2019,0.4355,2,3,2
07338,Rhein-Pfalz-Kreis,2020,0.41976,2,3,2
07338,Rhein-Pfalz-Kreis,2021,0.42273,2,3,2
07339,Mainz-Bingen,1998,0.32242,1,1,1
07339,Mainz-Bingen,1999,0.3216,1,1,1
07339,Mainz-Bingen,2000,0.2803,1,1,1
07339,Mainz-Bingen,2001,0.25154,1,1,1
07339,Mainz-Bingen,2002,0.29809,1,1,1
07339,Mainz-Bingen,2003,0.28535,1,1,1
07339,Mainz-Bingen,2004,0.26919,1,1,1
07339,Mainz-Bingen,2005,0.26714,1,1,1
07339,Mainz-Bingen,2006,0.29057,1,1,1
07339,Mainz-Bingen,2007,0.33086,1,1,1
07339,Mainz-Bingen,2008,0.34843,1,1,1
07339,Mainz-Bingen,2009,0.30818,1,1,1
07339,Mainz-Bingen,2010,0.32203,1,1,1
07339,Mainz-Bingen,2011,0.31603,1,1,1
07339,Mainz-Bingen,2012,0.34465,1,1,1
07339,Mainz-Bingen,2013,0.3399,1,1,1
07339,Mainz-Bingen,2014,0.34235,1,1,1
07339,Mainz-Bingen,2015,0.31602,1,1,1
07339,Mainz-Bingen,2016,0.33099,1,1,1
07339,Mainz-Bingen,2017,0.35285,1,2,1
07339,Mainz-Bingen,2018,0.35611,1,2,1
07339,Mainz-Bingen,2019,0.37509,1,2,1
07339,Mainz-Bingen,2020,0.35431,1,2,1
07339,Mainz-Bingen,2021,0.34448,1,2,1
07340,Südwestpfalz,1998,0.6596,4,8,2
07340,Südwestpfalz,1999,0.64092,4,8,2
07340,Südwestpfalz,2000,0.60022,4,8,2
07340,Südwestpfalz,2001,0.55358,4,7,2
07340,Südwestpfalz,2002,0.59319,4,7,2
07340,Südwestpfalz,2003,0.56732,3,6,2
07340,Südwestpfalz,2004,0.57945,4,7,2
07340,Südwestpfalz,2005,0.58289,3,6,2
07340,Südwestpfalz,2006,0.56777,3,6,2
07340,Südwestpfalz,2007,0.62935,4,7,2
07340,Südwestpfalz,2008,0.66618,4,7,2
07340,Südwestpfalz,2009,0.63256,4,7,2
07340,Südwestpfalz,2010,0.61708,3,6,2
07340,Südwestpfalz,2011,0.62691,4,7,2
07340,Südwestpfalz,2012,0.59955,3,6,2
07340,Südwestpfalz,2013,0.59028,3,6,2
07340,Südwestpfalz,2014,0.59135,3,6,2
07340,Südwestpfalz,2015,0.60171,3,6,2
07340,Südwestpfalz,2016,0.58821,4,7,2
07340,Südwestpfalz,2017,0.59923,3,6,2
07340,Südwestpfalz,2018,0.58538,3,6,2
07340,Südwestpfalz,2019,0.60227,4,7,2
07340,Südwestpfalz,2020,0.58026,3,6,2
07340,Südwestpfalz,2021,0.57629,4,7,2
08111,"Stuttgart, Stadtkreis",1998,0.28662,1,1,1
08111,"Stuttgart, Stadtkreis",1999,0.26628,1,1,1
08111,"Stuttgart, Stadtkreis",2000,0.21174,1,1,1
08111,"Stuttgart, Stadtkreis",2001,0.24332,1,1,1
08111,"Stuttgart, Stadtkreis",2002,0.28867,1,1,1
08111,"Stuttgart, Stadtkreis",2003,0.26838,1,1,1
08111,"Stuttgart, Stadtkreis",2004,0.23604,1,1,1
08111,"Stuttgart, Stadtkreis",2005,0.25434,1,1,1
08111,"Stuttgart, Stadtkreis",2006,0.25632,1,1,1
08111,"Stuttgart, Stadtkreis",2007,0.22748,1,1,1
08111,"Stuttgart, Stadtkreis",2008,0.2798,1,1,1
08111,"Stuttgart, Stadtkreis",2009,0.29167,1,1,1
08111,"Stuttgart, Stadtkreis",2010,0.29005,1,1,1
08111,"Stuttgart, Stadtkreis",2011,0.25422,1,1,1
08111,"Stuttgart, Stadtkreis",2012,0.26715,1,1,1
08111,"Stuttgart, Stadtkreis",2013,0.25798,1,1,1
08111,"Stuttgart, Stadtkreis",2014,0.2603,1,1,1
08111,"Stuttgart, Stadtkreis",2015,0.2534,1,1,1
08111,"Stuttgart, Stadtkreis",2016,0.22862,1,1,1
08111,"Stuttgart, Stadtkreis",2017,0.21047,1,1,1
08111,"Stuttgart, Stadtkreis",2018,0.21836,1,1,1
08111,"Stuttgart, Stadtkreis",2019,0.22144,1,1,1
08111,"Stuttgart, Stadtkreis",2020,0.21259,1,1,1
08111,"Stuttgart, Stadtkreis",2021,0.22835,1,1,1
08115,Böblingen,1998,0.24474,1,1,1
08115,Böblingen,1999,0.24661,1,1,1
08115,Böblingen,2000,0.16865,1,1,1
08115,Böblingen,2001,0.19666,1,1,1
08115,Böblingen,2002,0.25464,1,1,1
08115,Böblingen,2003,0.25047,1,1,1
08115,Böblingen,2004,0.22056,1,1,1
08115,Böblingen,2005,0.24087,1,1,1
08115,Böblingen,2006,0.22412,1,1,1
08115,Böblingen,2007,0.20668,1,1,1
08115,Böblingen,2008,0.25481,1,1,1
08115,Böblingen,2009,0.26702,1,1,1
08115,Böblingen,2010,0.26853,1,1,1
08115,Böblingen,2011,0.22239,1,1,1
08115,Böblingen,2012,0.25395,1,1,1
08115,Böblingen,2013,0.24311,1,1,1
08115,Böblingen,2014,0.25595,1,1,1
08115,Böblingen,2015,0.23797,1,1,1
08115,Böblingen,2016,0.2186,1,1,1
08115,Böblingen,2017,0.25141,1,1,1
08115,Böblingen,2018,0.23439,1,1,1
08115,Böblingen,2019,0.22231,1,1,1
08115,Böblingen,2020,0.22219,1,1,1
08115,Böblingen,2021,0.22567,1,1,1
08116,Esslingen,1998,0.27278,1,1,1
08116,Esslingen,1999,0.27159,1,1,1
08116,Esslingen,2000,0.23568,1,1,1
08116,Esslingen,2001,0.24667,1,1,1
08116,Esslingen,2002,0.26826,1,1,1
08116,Esslingen,2003,0.26853,1,1,1
08116,Esslingen,2004,0.24265,1,1,1
08116,Esslingen,2005,0.25671,1,1,1
08116,Esslingen,2006,0.2561,1,1,1
08116,Esslingen,2007,0.25414,1,1,1
08116,Esslingen,2008,0.30496,1,1,1
08116,Esslingen,2009,0.31327,1,1,1
08116,Esslingen,2010,0.32013,1,1,1
08116,Esslingen,2011,0.29837,1,1,1
08116,Esslingen,2012,0.31252,1,1,1
08116,Esslingen,2013,0.30376,1,1,1
08116,Esslingen,2014,0.31652,1,1,1
08116,Esslingen,2015,0.29932,1,1,1
08116,Esslingen,2016,0.29036,1,1,1
08116,Esslingen,2017,0.29789,1,1,1
08116,Esslingen,2018,0.30173,1,1,1
08116,Esslingen,2019,0.29514,1,1,1
08116,Esslingen,2020,0.29226,1,1,1
08116,Esslingen,2021,0.30667,1,1,1
08117,Göppingen,1998,0.48195,2,4,2
08117,Göppingen,1999,0.41345,2,3,2
08117,Göppingen,2000,0.37196,2,3,2
08117,Göppingen,2001,0.40365,2,3,2
08117,Göppingen,2002,0.43741,2,3,2
08117,Göppingen,2003,0.43523,2,3,2
08117,Göppingen,2004,0.40717,2,3,2
08117,Göppingen,2005,0.42846,2,3,2
08117,Göppingen,2006,0.42868,2,3,2
08117,Göppingen,2007,0.44286,2,3,2
08117,Göppingen,2008,0.49087,2,3,2
08117,Göppingen,2009,0.49845,2,3,2
08117,Göppingen,2010,0.50171,2,3,2
08117,Göppingen,2011,0.46253,2,3,2
08117,Göppingen,2012,0.48267,2,4,2
08117,Göppingen,2013,0.47358,2,3,2
08117,Göppingen,2014,0.48063,2,3,2
08117,Göppingen,2015,0.4715,2,3,2
08117,Göppingen,2016,0.45626,2,3,2
08117,Göppingen,2017,0.4891,2,4,2
08117,Göppingen,2018,0.47723,2,3,2
08117,Göppingen,2019,0.47503,2,4,2
08117,Göppingen,2020,0.48348,2,4,2
08117,Göppingen,2021,0.46344,2,4,2
08118,Ludwigsburg,1998,0.3006,1,1,1
08118,Ludwigsburg,1999,0.29394,1,1,1
08118,Ludwigsburg,2000,0.2421,1,1,1
08118,Ludwigsburg,2001,0.2661,1,1,1
08118,Ludwigsburg,2002,0.29793,1,1,1
08118,Ludwigsburg,2003,0.28183,1,1,1
08118,Ludwigsburg,2004,0.26234,1,1,1
08118,Ludwigsburg,2005,0.27909,1,1,1
08118,Ludwigsburg,2006,0.27886,1,1,1
08118,Ludwigsburg,2007,0.28588,1,1,1
08118,Ludwigsburg,2008,0.34052,1,1,1
08118,Ludwigsburg,2009,0.34309,1,1,1
08118,Ludwigsburg,2010,0.35562,1,1,1
08118,Ludwigsburg,2011,0.31798,1,1,1
08118,Ludwigsburg,2012,0.32817,1,1,1
08118,Ludwigsburg,2013,0.32877,1,1,1
08118,Ludwigsburg,2014,0.3376,1,1,1
08118,Ludwigsburg,2015,0.30998,1,1,1
08118,Ludwigsburg,2016,0.2756,1,1,1
08118,Ludwigsburg,2017,0.303,1,1,1
08118,Ludwigsburg,2018,0.28421,1,1,1
08118,Ludwigsburg,2019,0.27751,1,1,1
08118,Ludwigsburg,2020,0.29493,1,1,1
08118,Ludwigsburg,2021,0.28742,1,1,1
08119,Rems-Murr-Kreis,1998,0.39202,1,2,1
08119,Rems-Murr-Kreis,1999,0.38036,1,2,1
08119,Rems-Murr-Kreis,2000,0.3113,1,2,1
08119,Rems-Murr-Kreis,2001,0.31165,1,2,1
08119,Rems-Murr-Kreis,2002,0.3423,1,2,1
08119,Rems-Murr-Kreis,2003,0.34261,1,2,1
08119,Rems-Murr-Kreis,2004,0.31922,1,1,1
08119,Rems-Murr-Kreis,2005,0.34131,1,2,1
08119,Rems-Murr-Kreis,2006,0.36388,1,2,1
08119,Rems-Murr-Kreis,2007,0.35891,1,2,1
08119,Rems-Murr-Kreis,2008,0.4025,1,2,1
08119,Rems-Murr-Kreis,2009,0.40069,1,2,1
08119,Rems-Murr-Kreis,2010,0.40494,1,2,1
08119,Rems-Murr-Kreis,2011,0.39019,1,2,1
08119,Rems-Murr-Kreis,2012,0.40772,1,2,1
08119,Rems-Murr-Kreis,2013,0.40617,1,2,1
08119,Rems-Murr-Kreis,2014,0.41117,1,2,1
08119,Rems-Murr-Kreis,2015,0.4087,2,3,2
08119,Rems-Murr-Kreis,2016,0.39398,1,2,1
08119,Rems-Murr-Kreis,2017,0.41348,2,3,2
08119,Rems-Murr-Kreis,2018,0.39656,1,2,1
08119,Rems-Murr-Kreis,2019,0.40021,1,2,1
08119,Rems-Murr-Kreis,2020,0.40861,2,3,2
08119,Rems-Murr-Kreis,2021,0.39812,2,3,2
08121,"Heilbronn, Stadtkreis",1998,0.57271,3,6,2
08121,"Heilbronn, Stadtkreis",1999,0.52477,3,5,2
08121,"Heilbronn, Stadtkreis",2000,0.58409,4,8,2
08121,"Heilbronn, Stadtkreis",2001,0.54774,4,7,2
08121,"Heilbronn, Stadtkreis",2002,0.5984,4,7,2
08121,"Heilbronn, Stadtkreis",2003,0.58101,4,7,2
08121,"Heilbronn, Stadtkreis",2004,0.50743,3,5,2
08121,"Heilbronn, Stadtkreis",2005,0.51761,3,5,2
08121,"Heilbronn, Stadtkreis",2006,0.51467,2,4,2
08121,"Heilbronn, Stadtkreis",2007,0.49442,2,4,2
08121,"Heilbronn, Stadtkreis",2008,0.50526,2,3,2
08121,"Heilbronn, Stadtkreis",2009,0.48135,2,3,2
08121,"Heilbronn, Stadtkreis",2010,0.48139,2,3,2
08121,"Heilbronn, Stadtkreis",2011,0.44957,2,3,2
08121,"Heilbronn, Stadtkreis",2012,0.48399,2,4,2
08121,"Heilbronn, Stadtkreis",2013,0.48874,2,3,2
08121,"Heilbronn, Stadtkreis",2014,0.52238,2,4,2
08121,"Heilbronn, Stadtkreis",2015,0.43719,2,3,2
08121,"Heilbronn, Stadtkreis",2016,0.41137,2,3,2
08121,"Heilbronn, Stadtkreis",2017,0.49178,2,4,2
08121,"Heilbronn, Stadtkreis",2018,0.53773,3,5,2
08121,"Heilbronn, Stadtkreis",2019,0.4908,2,4,2
08121,"Heilbronn, Stadtkreis",2020,0.49151,2,4,2
08121,"Heilbronn, Stadtkreis",2021,0.46899,2,4,2
08125,Heilbronn,1998,0.34947,1,1,1
08125,Heilbronn,1999,0.34014,1,2,1
08125,Heilbronn,2000,0.31238,1,2,1
08125,Heilbronn,2001,0.33867,1,2,1
08125,Heilbronn,2002,0.36075,1,2,1
08125,Heilbronn,2003,0.36675,1,2,1
08125,Heilbronn,2004,0.36845,1,2,1
08125,Heilbronn,2005,0.37461,1,2,1
08125,Heilbronn,2006,0.36512,1,2,1
08125,Heilbronn,2007,0.36479,1,2,1
08125,Heilbronn,2008,0.39064,1,2,1
08125,Heilbronn,2009,0.41328,1,2,1
08125,Heilbronn,2010,0.40882,1,2,1
08125,Heilbronn,2011,0.35867,1,1,1
08125,Heilbronn,2012,0.36744,1,2,1
08125,Heilbronn,2013,0.35705,1,1,1
08125,Heilbronn,2014,0.3664,1,2,1
08125,Heilbronn,2015,0.3492,1,2,1
08125,Heilbronn,2016,0.33118,1,2,1
08125,Heilbronn,2017,0.35437,1,2,1
08125,Heilbronn,2018,0.3431,1,1,1
08125,Heilbronn,2019,0.33984,1,1,1
08125,Heilbronn,2020,0.35333,1,2,1
08125,Heilbronn,2021,0.36263,1,2,1
08126,Hohenlohekreis,1998,0.43398,2,3,2
08126,Hohenlohekreis,1999,0.41757,2,3,2
08126,Hohenlohekreis,2000,0.4006,2,3,2
08126,Hohenlohekreis,2001,0.43607,2,4,2
08126,Hohenlohekreis,2002,0.44606,2,3,2
08126,Hohenlohekreis,2003,0.44042,2,3,2
08126,Hohenlohekreis,2004,0.44407,2,3,2
08126,Hohenlohekreis,2005,0.42419,2,3,2
08126,Hohenlohekreis,2006,0.43365,2,3,2
08126,Hohenlohekreis,2007,0.43657,2,3,2
08126,Hohenlohekreis,2008,0.4939,2,3,2
08126,Hohenlohekreis,2009,0.51603,2,4,2
08126,Hohenlohekreis,2010,0.49286,2,3,2
08126,Hohenlohekreis,2011,0.43872,2,3,2
08126,Hohenlohekreis,2012,0.45206,2,3,2
08126,Hohenlohekreis,2013,0.44223,2,3,2
08126,Hohenlohekreis,2014,0.44297,2,3,2
08126,Hohenlohekreis,2015,0.42117,2,3,2
08126,Hohenlohekreis,2016,0.39834,1,2,1
08126,Hohenlohekreis,2017,0.38463,1,2,1
08126,Hohenlohekreis,2018,0.41104,2,3,2
08126,Hohenlohekreis,2019,0.39818,1,2,1
08126,Hohenlohekreis,2020,0.38702,1,2,1
08126,Hohenlohekreis,2021,0.39555,2,3,2
08127,Schwäbisch Hall,1998,0.48446,2,4,2
08127,Schwäbisch Hall,1999,0.501,2,4,2
08127,Schwäbisch Hall,2000,0.44437,2,4,2
08127,Schwäbisch Hall,2001,0.48912,3,5,2
08127,Schwäbisch Hall,2002,0.52264,3,5,2
08127,Schwäbisch Hall,2003,0.50446,2,4,2
08127,Schwäbisch Hall,2004,0.49464,3,5,2
08127,Schwäbisch Hall,2005,0.51921,3,5,2
08127,Schwäbisch Hall,2006,0.52424,3,5,2
08127,Schwäbisch Hall,2007,0.52056,2,4,2
08127,Schwäbisch Hall,2008,0.56093,2,4,2
08127,Schwäbisch Hall,2009,0.56353,3,5,2
08127,Schwäbisch Hall,2010,0.5633,3,5,2
08127,Schwäbisch Hall,2011,0.52931,2,4,2
08127,Schwäbisch Hall,2012,0.49164,2,4,2
08127,Schwäbisch Hall,2013,0.48245,2,3,2
08127,Schwäbisch Hall,2014,0.4816,2,3,2
08127,Schwäbisch Hall,2015,0.47915,2,4,2
08127,Schwäbisch Hall,2016,0.45086,2,3,2
08127,Schwäbisch Hall,2017,0.46638,2,3,2
08127,Schwäbisch Hall,2018,0.48451,2,4,2
08127,Schwäbisch Hall,2019,0.46736,2,3,2
08127,Schwäbisch Hall,2020,0.45639,2,3,2
08127,Schwäbisch Hall,2021,0.4586,2,3,2
08128,Main-Tauber-Kreis,1998,0.49155,2,4,2
08128,Main-Tauber-Kreis,1999,0.43656,2,3,2
08128,Main-Tauber-Kreis,2000,0.39159,2,3,2
08128,Main-Tauber-Kreis,2001,0.42769,2,3,2
08128,Main-Tauber-Kreis,2002,0.46134,2,4,2
08128,Main-Tauber-Kreis,2003,0.46192,2,4,2
08128,Main-Tauber-Kreis,2004,0.44732,2,4,2
08128,Main-Tauber-Kreis,2005,0.4528,2,3,2
08128,Main-Tauber-Kreis,2006,0.44491000000000003,2,3,2
08128,Main-Tauber-Kreis,2007,0.46391,2,3,2
08128,Main-Tauber-Kreis,2008,0.49622,2,3,2
08128,Main-Tauber-Kreis,2009,0.49427,2,3,2
08128,Main-Tauber-Kreis,2010,0.49689,2,3,2
08128,Main-Tauber-Kreis,2011,0.45595,2,3,2
08128,Main-Tauber-Kreis,2012,0.47471,2,3,2
08128,Main-Tauber-Kreis,2013,0.47927,2,3,2
08128,Main-Tauber-Kreis,2014,0.48095,2,3,2
08128,Main-Tauber-Kreis,2015,0.47266,2,3,2
08128,Main-Tauber-Kreis,2016,0.4421,2,3,2
08128,Main-Tauber-Kreis,2017,0.46643,2,3,2
08128,Main-Tauber-Kreis,2018,0.46396,2,3,2
08128,Main-Tauber-Kreis,2019,0.44414,2,3,2
08128,Main-Tauber-Kreis,2020,0.44884,2,3,2
08128,Main-Tauber-Kreis,2021,0.44789,2,3,2
08135,Heidenheim,1998,0.46136,2,3,2
08135,Heidenheim,1999,0.45243,2,3,2
08135,Heidenheim,2000,0.40699,2,3,2
08135,Heidenheim,2001,0.41108,2,3,2
08135,Heidenheim,2002,0.46402,2,4,2
08135,Heidenheim,2003,0.45033,2,4,2
08135,Heidenheim,2004,0.43186,2,3,2
08135,Heidenheim,2005,0.44528,2,3,2
08135,Heidenheim,2006,0.43873,2,3,2
08135,Heidenheim,2007,0.44799,2,3,2
08135,Heidenheim,2008,0.46508,2,3,2
08135,Heidenheim,2009,0.48086,2,3,2
08135,Heidenheim,2010,0.4821,2,3,2
08135,Heidenheim,2011,0.4461,2,3,2
08135,Heidenheim,2012,0.47196,2,3,2
08135,Heidenheim,2013,0.45917,2,3,2
08135,Heidenheim,2014,0.48387,2,3,2
08135,Heidenheim,2015,0.49698,2,4,2
08135,Heidenheim,2016,0.48644,2,4,2
08135,Heidenheim,2017,0.51417,3,5,2
08135,Heidenheim,2018,0.49977,2,4,2
08135,Heidenheim,2019,0.46797,2,3,2
08135,Heidenheim,2020,0.49195,2,4,2
08135,Heidenheim,2021,0.46259,2,4,2
08136,Ostalbkreis,1998,0.38827,1,2,1
08136,Ostalbkreis,1999,0.39237,1,2,1
08136,Ostalbkreis,2000,0.35966,1,2,1
08136,Ostalbkreis,2001,0.36408,1,2,1
08136,Ostalbkreis,2002,0.41097,2,3,2
08136,Ostalbkreis,2003,0.40865,2,3,2
08136,Ostalbkreis,2004,0.39791,2,3,2
08136,Ostalbkreis,2005,0.42031,2,3,2
08136,Ostalbkreis,2006,0.39842,1,2,1
08136,Ostalbkreis,2007,0.39804,1,2,1
08136,Ostalbkreis,2008,0.43802,1,2,1
08136,Ostalbkreis,2009,0.44946,2,3,2
08136,Ostalbkreis,2010,0.44918,2,3,2
08136,Ostalbkreis,2011,0.42385,1,2,1
08136,Ostalbkreis,2012,0.41916,2,3,2
08136,Ostalbkreis,2013,0.39384,1,2,1
08136,Ostalbkreis,2014,0.40991,1,2,1
08136,Ostalbkreis,2015,0.39659,1,2,1
08136,Ostalbkreis,2016,0.38992,1,2,1
08136,Ostalbkreis,2017,0.38144,1,2,1
08136,Ostalbkreis,2018,0.38324,1,2,1
08136,Ostalbkreis,2019,0.37267,1,2,1
08136,Ostalbkreis,2020,0.36561,1,2,1
08136,Ostalbkreis,2021,0.37128,1,2,1
08211,"Baden-Baden, Stadtkreis",1998,0.31045,1,1,1
08211,"Baden-Baden, Stadtkreis",1999,0.30972,1,1,1
08211,"Baden-Baden, Stadtkreis",2000,0.23335,1,1,1
08211,"Baden-Baden, Stadtkreis",2001,0.22477,1,1,1
08211,"Baden-Baden, Stadtkreis",2002,0.28686,1,1,1
08211,"Baden-Baden, Stadtkreis",2003,0.24826,1,1,1
08211,"Baden-Baden, Stadtkreis",2004,0.26969,1,1,1
08211,"Baden-Baden, Stadtkreis",2005,0.28443,1,1,1
08211,"Baden-Baden, Stadtkreis",2006,0.30948,1,1,1
08211,"Baden-Baden, Stadtkreis",2007,0.29504,1,1,1
08211,"Baden-Baden, Stadtkreis",2008,0.33009,1,1,1
08211,"Baden-Baden, Stadtkreis",2009,0.35766,1,1,1
08211,"Baden-Baden, Stadtkreis",2010,0.33366,1,1,1
08211,"Baden-Baden, Stadtkreis",2011,0.29566,1,1,1
08211,"Baden-Baden, Stadtkreis",2012,0.33158,1,1,1
08211,"Baden-Baden, Stadtkreis",2013,0.35213,1,1,1
08211,"Baden-Baden, Stadtkreis",2014,0.36271,1,2,1
08211,"Baden-Baden, Stadtkreis",2015,0.35848,1,2,1
08211,"Baden-Baden, Stadtkreis",2016,0.37504,1,2,1
08211,"Baden-Baden, Stadtkreis",2017,0.37566,1,2,1
08211,"Baden-Baden, Stadtkreis",2018,0.38122,1,2,1
08211,"Baden-Baden, Stadtkreis",2019,0.39383,1,2,1
08211,"Baden-Baden, Stadtkreis",2020,0.3803,1,2,1
08211,"Baden-Baden, Stadtkreis",2021,0.36238,1,2,1
08212,"Karlsruhe, Stadtkreis",1998,0.36511,1,2,1
08212,"Karlsruhe, Stadtkreis",1999,0.3661,1,2,1
08212,"Karlsruhe, Stadtkreis",2000,0.31057,1,2,1
08212,"Karlsruhe, Stadtkreis",2001,0.28689,1,1,1
08212,"Karlsruhe, Stadtkreis",2002,0.33321,1,1,1
08212,"Karlsruhe, Stadtkreis",2003,0.32263,1,1,1
08212,"Karlsruhe, Stadtkreis",2004,0.30638,1,1,1
08212,"Karlsruhe, Stadtkreis",2005,0.32852,1,1,1
08212,"Karlsruhe, Stadtkreis",2006,0.34482,1,1,1
08212,"Karlsruhe, Stadtkreis",2007,0.34049,1,1,1
08212,"Karlsruhe, Stadtkreis",2008,0.38622,1,1,1
08212,"Karlsruhe, Stadtkreis",2009,0.37977,1,2,1
08212,"Karlsruhe, Stadtkreis",2010,0.39638,1,2,1
08212,"Karlsruhe, Stadtkreis",2011,0.38246,1,2,1
08212,"Karlsruhe, Stadtkreis",2012,0.3738,1,2,1
08212,"Karlsruhe, Stadtkreis",2013,0.36713,1,2,1
08212,"Karlsruhe, Stadtkreis",2014,0.38911,1,2,1
08212,"Karlsruhe, Stadtkreis",2015,0.37381,1,2,1
08212,"Karlsruhe, Stadtkreis",2016,0.33398,1,2,1
08212,"Karlsruhe, Stadtkreis",2017,0.35508,1,2,1
08212,"Karlsruhe, Stadtkreis",2018,0.34413,1,2,1
08212,"Karlsruhe, Stadtkreis",2019,0.33318,1,1,1
08212,"Karlsruhe, Stadtkreis",2020,0.33546,1,1,1
08212,"Karlsruhe, Stadtkreis",2021,0.31758,1,1,1
08215,Karlsruhe,1998,0.35794,1,2,1
08215,Karlsruhe,1999,0.35097,1,2,1
08215,Karlsruhe,2000,0.3085,1,2,1
08215,Karlsruhe,2001,0.30414,1,1,1
08215,Karlsruhe,2002,0.3142,1,1,1
08215,Karlsruhe,2003,0.35017,1,2,1
08215,Karlsruhe,2004,0.32491,1,2,1
08215,Karlsruhe,2005,0.34266,1,2,1
08215,Karlsruhe,2006,0.34873,1,2,1
08215,Karlsruhe,2007,0.36143,1,2,1
08215,Karlsruhe,2008,0.39861,1,2,1
08215,Karlsruhe,2009,0.40622,1,2,1
08215,Karlsruhe,2010,0.40612,1,2,1
08215,Karlsruhe,2011,0.3786,1,2,1
08215,Karlsruhe,2012,0.39275,1,2,1
08215,Karlsruhe,2013,0.37125,1,2,1
08215,Karlsruhe,2014,0.38606,1,2,1
08215,Karlsruhe,2015,0.37789,1,2,1
08215,Karlsruhe,2016,0.3587,1,2,1
08215,Karlsruhe,2017,0.36584,1,2,1
08215,Karlsruhe,2018,0.3976,1,2,1
08215,Karlsruhe,2019,0.40683,1,2,1
08215,Karlsruhe,2020,0.39049,1,2,1
08215,Karlsruhe,2021,0.39623,2,3,2
08216,Rastatt,1998,0.38591,1,2,1
08216,Rastatt,1999,0.36956,1,2,1
08216,Rastatt,2000,0.32244,1,2,1
08216,Rastatt,2001,0.35802,1,2,1
08216,Rastatt,2002,0.35923,1,2,1
08216,Rastatt,2003,0.35512,1,2,1
08216,Rastatt,2004,0.34754,1,2,1
08216,Rastatt,2005,0.34985,1,2,1
08216,Rastatt,2006,0.3432,1,1,1
08216,Rastatt,2007,0.35489,1,2,1
08216,Rastatt,2008,0.39912,1,2,1
08216,Rastatt,2009,0.4266,1,2,1
08216,Rastatt,2010,0.41545,1,2,1
08216,Rastatt,2011,0.39987,1,2,1
08216,Rastatt,2012,0.43734,2,3,2
08216,Rastatt,2013,0.44067,2,3,2
08216,Rastatt,2014,0.44834,2,3,2
08216,Rastatt,2015,0.41623,2,3,2
08216,Rastatt,2016,0.40051,1,2,1
08216,Rastatt,2017,0.42307,2,3,2
08216,Rastatt,2018,0.4441,2,3,2
08216,Rastatt,2019,0.40335,1,2,1
08216,Rastatt,2020,0.42586,2,3,2
08216,Rastatt,2021,0.42586,2,3,2
08221,"Heidelberg, Stadtkreis",1998,0.25285,1,1,1
08221,"Heidelberg, Stadtkreis",1999,0.23931,1,1,1
08221,"Heidelberg, Stadtkreis",2000,0.16164,1,1,1
08221,"Heidelberg, Stadtkreis",2001,0.17013,1,1,1
08221,"Heidelberg, Stadtkreis",2002,0.19067,1,1,1
08221,"Heidelberg, Stadtkreis",2003,0.18419,1,1,1
08221,"Heidelberg, Stadtkreis",2004,0.18269,1,1,1
08221,"Heidelberg, Stadtkreis",2005,0.22285,1,1,1
08221,"Heidelberg, Stadtkreis",2006,0.20441,1,1,1
08221,"Heidelberg, Stadtkreis",2007,0.2119,1,1,1
08221,"Heidelberg, Stadtkreis",2008,0.24819,1,1,1
08221,"Heidelberg, Stadtkreis",2009,0.23958,1,1,1
08221,"Heidelberg, Stadtkreis",2010,0.24878,1,1,1
08221,"Heidelberg, Stadtkreis",2011,0.22147,1,1,1
08221,"Heidelberg, Stadtkreis",2012,0.18992,1,1,1
08221,"Heidelberg, Stadtkreis",2013,0.14729,1,1,1
08221,"Heidelberg, Stadtkreis",2014,0.17493,1,1,1
08221,"Heidelberg, Stadtkreis",2015,0.18517,1,1,1
08221,"Heidelberg, Stadtkreis",2016,0.16393,1,1,1
08221,"Heidelberg, Stadtkreis",2017,0.22406,1,1,1
08221,"Heidelberg, Stadtkreis",2018,0.17554,1,1,1
08221,"Heidelberg, Stadtkreis",2019,0.20254,1,1,1
08221,"Heidelberg, Stadtkreis",2020,0.18837,1,1,1
08221,"Heidelberg, Stadtkreis",2021,0.18549,1,1,1
08222,"Mannheim, Stadtkreis",1998,0.53985,3,5,2
08222,"Mannheim, Stadtkreis",1999,0.56455,3,6,2
08222,"Mannheim, Stadtkreis",2000,0.51181,3,6,2
08222,"Mannheim, Stadtkreis",2001,0.53593,3,6,2
08222,"Mannheim, Stadtkreis",2002,0.53695,3,6,2
08222,"Mannheim, Stadtkreis",2003,0.53339,3,5,2
08222,"Mannheim, Stadtkreis",2004,0.53442,3,6,2
08222,"Mannheim, Stadtkreis",2005,0.55114,3,5,2
08222,"Mannheim, Stadtkreis",2006,0.55263,3,5,2
08222,"Mannheim, Stadtkreis",2007,0.56038,3,5,2
08222,"Mannheim, Stadtkreis",2008,0.58488,3,5,2
08222,"Mannheim, Stadtkreis",2009,0.57083,3,5,2
08222,"Mannheim, Stadtkreis",2010,0.55443,3,5,2
08222,"Mannheim, Stadtkreis",2011,0.5195,2,4,2
08222,"Mannheim, Stadtkreis",2012,0.49746,2,4,2
08222,"Mannheim, Stadtkreis",2013,0.50335,2,4,2
08222,"Mannheim, Stadtkreis",2014,0.52882,2,4,2
08222,"Mannheim, Stadtkreis",2015,0.50189,2,4,2
08222,"Mannheim, Stadtkreis",2016,0.48034,2,4,2
08222,"Mannheim, Stadtkreis",2017,0.49686,2,4,2
08222,"Mannheim, Stadtkreis",2018,0.50876,2,4,2
08222,"Mannheim, Stadtkreis",2019,0.50409,2,4,2
08222,"Mannheim, Stadtkreis",2020,0.49958,2,4,2
08222,"Mannheim, Stadtkreis",2021,0.49606,3,5,2
08225,Neckar-Odenwald-Kreis,1998,0.5723,3,6,2
08225,Neckar-Odenwald-Kreis,1999,0.52142,3,5,2
08225,Neckar-Odenwald-Kreis,2000,0.51845,3,6,2
08225,Neckar-Odenwald-Kreis,2001,0.5351,3,6,2
08225,Neckar-Odenwald-Kreis,2002,0.55359,3,6,2
08225,Neckar-Odenwald-Kreis,2003,0.55809,3,6,2
08225,Neckar-Odenwald-Kreis,2004,0.54022,3,6,2
08225,Neckar-Odenwald-Kreis,2005,0.56775,3,6,2
08225,Neckar-Odenwald-Kreis,2006,0.57112,3,6,2
08225,Neckar-Odenwald-Kreis,2007,0.59061,3,6,2
08225,Neckar-Odenwald-Kreis,2008,0.62977,3,6,2
08225,Neckar-Odenwald-Kreis,2009,0.62372,3,6,2
08225,Neckar-Odenwald-Kreis,2010,0.59042,3,6,2
08225,Neckar-Odenwald-Kreis,2011,0.60964,3,6,2
08225,Neckar-Odenwald-Kreis,2012,0.58463,3,6,2
08225,Neckar-Odenwald-Kreis,2013,0.55203,3,5,2
08225,Neckar-Odenwald-Kreis,2014,0.59175,3,6,2
08225,Neckar-Odenwald-Kreis,2015,0.56154,3,6,2
08225,Neckar-Odenwald-Kreis,2016,0.55984,3,6,2
08225,Neckar-Odenwald-Kreis,2017,0.55615,3,6,2
08225,Neckar-Odenwald-Kreis,2018,0.59457,3,6,2
08225,Neckar-Odenwald-Kreis,2019,0.55411,3,6,2
08225,Neckar-Odenwald-Kreis,2020,0.5596,3,6,2
08225,Neckar-Odenwald-Kreis,2021,0.55146,3,6,2
08226,Rhein-Neckar-Kreis,1998,0.34994,1,2,1
08226,Rhein-Neckar-Kreis,1999,0.34555,1,2,1
08226,Rhein-Neckar-Kreis,2000,0.29078,1,1,1
08226,Rhein-Neckar-Kreis,2001,0.2943,1,1,1
08226,Rhein-Neckar-Kreis,2002,0.31109,1,1,1
08226,Rhein-Neckar-Kreis,2003,0.31525,1,1,1
08226,Rhein-Neckar-Kreis,2004,0.29438,1,1,1
08226,Rhein-Neckar-Kreis,2005,0.31867,1,1,1
08226,Rhein-Neckar-Kreis,2006,0.3111,1,1,1
08226,Rhein-Neckar-Kreis,2007,0.32274,1,1,1
08226,Rhein-Neckar-Kreis,2008,0.36203,1,1,1
08226,Rhein-Neckar-Kreis,2009,0.37254,1,1,1
08226,Rhein-Neckar-Kreis,2010,0.38458,1,2,1
08226,Rhein-Neckar-Kreis,2011,0.35088,1,1,1
08226,Rhein-Neckar-Kreis,2012,0.35746,1,2,1
08226,Rhein-Neckar-Kreis,2013,0.35426,1,1,1
08226,Rhein-Neckar-Kreis,2014,0.38328,1,2,1
08226,Rhein-Neckar-Kreis,2015,0.35757,1,2,1
08226,Rhein-Neckar-Kreis,2016,0.34796,1,2,1
08226,Rhein-Neckar-Kreis,2017,0.34977,1,2,1
08226,Rhein-Neckar-Kreis,2018,0.37285,1,2,1
08226,Rhein-Neckar-Kreis,2019,0.33948,1,1,1
08226,Rhein-Neckar-Kreis,2020,0.33741,1,1,1
08226,Rhein-Neckar-Kreis,2021,0.33825,1,2,1
08231,"Pforzheim, Stadtkreis",1998,0.695,4,8,2
08231,"Pforzheim, Stadtkreis",1999,0.65854,4,8,2
08231,"Pforzheim, Stadtkreis",2000,0.56507,4,7,2
08231,"Pforzheim, Stadtkreis",2001,0.54212,4,7,2
08231,"Pforzheim, Stadtkreis",2002,0.60304,4,7,2
08231,"Pforzheim, Stadtkreis",2003,0.63662,4,8,2
08231,"Pforzheim, Stadtkreis",2004,0.61887,4,8,2
08231,"Pforzheim, Stadtkreis",2005,0.63764,4,7,2
08231,"Pforzheim, Stadtkreis",2006,0.64406,4,7,2
08231,"Pforzheim, Stadtkreis",2007,0.6407,4,7,2
08231,"Pforzheim, Stadtkreis",2008,0.69764,4,7,2
08231,"Pforzheim, Stadtkreis",2009,0.68935,4,8,2
08231,"Pforzheim, Stadtkreis",2010,0.72257,4,8,2
08231,"Pforzheim, Stadtkreis",2011,0.68157,4,8,2
08231,"Pforzheim, Stadtkreis",2012,0.69602,4,8,2
08231,"Pforzheim, Stadtkreis",2013,0.69181,4,8,2
08231,"Pforzheim, Stadtkreis",2014,0.72049,4,8,2
08231,"Pforzheim, Stadtkreis",2015,0.71052,5,9,3
08231,"Pforzheim, Stadtkreis",2016,0.70675,5,9,3
08231,"Pforzheim, Stadtkreis",2017,0.73641,5,9,3
08231,"Pforzheim, Stadtkreis",2018,0.73249,5,9,3
08231,"Pforzheim, Stadtkreis",2019,0.73297,5,9,3
08231,"Pforzheim, Stadtkreis",2020,0.74018,5,9,3
08231,"Pforzheim, Stadtkreis",2021,0.7296,5,10,3
08235,Calw,1998,0.47712,2,3,2
08235,Calw,1999,0.46804,2,4,2
08235,Calw,2000,0.42723,2,4,2
08235,Calw,2001,0.42218,2,3,2
08235,Calw,2002,0.48318,2,4,2
08235,Calw,2003,0.47124,2,4,2
08235,Calw,2004,0.45207,2,4,2
08235,Calw,2005,0.46764,2,3,2
08235,Calw,2006,0.48328,2,4,2
08235,Calw,2007,0.45088,2,3,2
08235,Calw,2008,0.5087,2,3,2
08235,Calw,2009,0.51373,2,4,2
08235,Calw,2010,0.50325,2,3,2
08235,Calw,2011,0.46832,2,3,2
08235,Calw,2012,0.48752,2,4,2
08235,Calw,2013,0.49037,2,4,2
08235,Calw,2014,0.51635,2,4,2
08235,Calw,2015,0.4957,2,4,2
08235,Calw,2016,0.46813,2,4,2
08235,Calw,2017,0.50137,2,4,2
08235,Calw,2018,0.49494,2,4,2
08235,Calw,2019,0.47871,2,4,2
08235,Calw,2020,0.45787,2,3,2
08235,Calw,2021,0.46978,2,4,2
08236,Enzkreis,1998,0.3405,1,1,1
08236,Enzkreis,1999,0.32748,1,1,1
08236,Enzkreis,2000,0.27844,1,1,1
08236,Enzkreis,2001,0.29426,1,1,1
08236,Enzkreis,2002,0.32538,1,1,1
08236,Enzkreis,2003,0.31862,1,1,1
08236,Enzkreis,2004,0.30254,1,1,1
08236,Enzkreis,2005,0.32131,1,1,1
08236,Enzkreis,2006,0.31522,1,1,1
08236,Enzkreis,2007,0.31382,1,1,1
08236,Enzkreis,2008,0.3964,1,2,1
08236,Enzkreis,2009,0.37317,1,1,1
08236,Enzkreis,2010,0.39648,1,2,1
08236,Enzkreis,2011,0.35485,1,1,1
08236,Enzkreis,2012,0.38096,1,2,1
08236,Enzkreis,2013,0.37976,1,2,1
08236,Enzkreis,2014,0.36954,1,2,1
08236,Enzkreis,2015,0.37102,1,2,1
08236,Enzkreis,2016,0.36513,1,2,1
08236,Enzkreis,2017,0.44307,2,3,2
08236,Enzkreis,2018,0.40826,1,2,1
08236,Enzkreis,2019,0.39769,1,2,1
08236,Enzkreis,2020,0.39078,1,2,1
08236,Enzkreis,2021,0.38806,1,2,1
08237,Freudenstadt,1998,0.44458,2,3,2
08237,Freudenstadt,1999,0.42729,2,3,2
08237,Freudenstadt,2000,0.39066,2,3,2
08237,Freudenstadt,2001,0.4187,2,3,2
08237,Freudenstadt,2002,0.46617,2,4,2
08237,Freudenstadt,2003,0.4565,2,4,2
08237,Freudenstadt,2004,0.45289,2,4,2
08237,Freudenstadt,2005,0.52812,3,5,2
08237,Freudenstadt,2006,0.50225,2,4,2
08237,Freudenstadt,2007,0.46162,2,3,2
08237,Freudenstadt,2008,0.52407,2,3,2
08237,Freudenstadt,2009,0.52333,2,4,2
08237,Freudenstadt,2010,0.51046,2,3,2
08237,Freudenstadt,2011,0.47446,2,3,2
08237,Freudenstadt,2012,0.48166,2,3,2
08237,Freudenstadt,2013,0.4997,2,4,2
08237,Freudenstadt,2014,0.48267,2,3,2
08237,Freudenstadt,2015,0.46262,2,3,2
08237,Freudenstadt,2016,0.46295,2,4,2
08237,Freudenstadt,2017,0.44853,2,3,2
08237,Freudenstadt,2018,0.46328,2,3,2
08237,Freudenstadt,2019,0.45726,2,3,2
08237,Freudenstadt,2020,0.47931,2,4,2
08237,Freudenstadt,2021,0.4758,2,4,2
08311,"Freiburg im Breisgau, Stadtkreis",1998,0.40854,2,3,2
08311,"Freiburg im Breisgau, Stadtkreis",1999,0.42985,2,3,2
08311,"Freiburg im Breisgau, Stadtkreis",2000,0.35575,1,2,1
08311,"Freiburg im Breisgau, Stadtkreis",2001,0.38201,2,3,2
08311,"Freiburg im Breisgau, Stadtkreis",2002,0.38324,1,2,1
08311,"Freiburg im Breisgau, Stadtkreis",2003,0.38131,1,2,1
08311,"Freiburg im Breisgau, Stadtkreis",2004,0.39361,2,3,2
08311,"Freiburg im Breisgau, Stadtkreis",2005,0.42967,2,3,2
08311,"Freiburg im Breisgau, Stadtkreis",2006,0.42596,2,3,2
08311,"Freiburg im Breisgau, Stadtkreis",2007,0.45169,2,3,2
08311,"Freiburg im Breisgau, Stadtkreis",2008,0.47342,2,3,2
08311,"Freiburg im Breisgau, Stadtkreis",2009,0.46397,2,3,2
08311,"Freiburg im Breisgau, Stadtkreis",2010,0.44797,1,2,1
08311,"Freiburg im Breisgau, Stadtkreis",2011,0.41976,1,2,1
08311,"Freiburg im Breisgau, Stadtkreis",2012,0.40882,1,2,1
08311,"Freiburg im Breisgau, Stadtkreis",2013,0.40322,1,2,1
08311,"Freiburg im Breisgau, Stadtkreis",2014,0.41036,1,2,1
08311,"Freiburg im Breisgau, Stadtkreis",2015,0.4023,1,2,1
08311,"Freiburg im Breisgau, Stadtkreis",2016,0.39299,1,2,1
08311,"Freiburg im Breisgau, Stadtkreis",2017,0.43843,2,3,2
08311,"Freiburg im Breisgau, Stadtkreis",2018,0.38658,1,2,1
08311,"Freiburg im Breisgau, Stadtkreis",2019,0.40443,1,2,1
08311,"Freiburg im Breisgau, Stadtkreis",2020,0.37614,1,2,1
08311,"Freiburg im Breisgau, Stadtkreis",2021,0.38222,1,2,1
08315,Breisgau-Hochschwarzwald,1998,0.42087,2,3,2
08315,Breisgau-Hochschwarzwald,1999,0.40915,2,3,2
08315,Breisgau-Hochschwarzwald,2000,0.36016,2,3,2
08315,Breisgau-Hochschwarzwald,2001,0.36679,1,2,1
08315,Breisgau-Hochschwarzwald,2002,0.40108,2,3,2
08315,Breisgau-Hochschwarzwald,2003,0.39235,1,2,1
08315,Breisgau-Hochschwarzwald,2004,0.35978,1,2,1
08315,Breisgau-Hochschwarzwald,2005,0.37705,1,2,1
08315,Breisgau-Hochschwarzwald,2006,0.3985,1,2,1
08315,Breisgau-Hochschwarzwald,2007,0.42634,2,3,2
08315,Breisgau-Hochschwarzwald,2008,0.45352,1,2,1
08315,Breisgau-Hochschwarzwald,2009,0.45758,2,3,2
08315,Breisgau-Hochschwarzwald,2010,0.46529,2,3,2
08315,Breisgau-Hochschwarzwald,2011,0.42997,2,3,2
08315,Breisgau-Hochschwarzwald,2012,0.4645,2,3,2
08315,Breisgau-Hochschwarzwald,2013,0.4522,2,3,2
08315,Breisgau-Hochschwarzwald,2014,0.44925,2,3,2
08315,Breisgau-Hochschwarzwald,2015,0.44943,2,3,2
08315,Breisgau-Hochschwarzwald,2016,0.42485,2,3,2
08315,Breisgau-Hochschwarzwald,2017,0.46329,2,3,2
08315,Breisgau-Hochschwarzwald,2018,0.44388,2,3,2
08315,Breisgau-Hochschwarzwald,2019,0.43288,2,3,2
08315,Breisgau-Hochschwarzwald,2020,0.43385,2,3,2
08315,Breisgau-Hochschwarzwald,2021,0.4132,2,3,2
08316,Emmendingen,1998,0.44389,2,3,2
08316,Emmendingen,1999,0.45824,2,3,2
08316,Emmendingen,2000,0.38285,2,3,2
08316,Emmendingen,2001,0.4033,2,3,2
08316,Emmendingen,2002,0.42412,2,3,2
08316,Emmendingen,2003,0.42802,2,3,2
08316,Emmendingen,2004,0.43902,2,3,2
08316,Emmendingen,2005,0.44844,2,3,2
08316,Emmendingen,2006,0.44721,2,3,2
08316,Emmendingen,2007,0.46831,2,3,2
08316,Emmendingen,2008,0.49607,2,3,2
08316,Emmendingen,2009,0.51398,2,4,2
08316,Emmendingen,2010,0.50556,2,3,2
08316,Emmendingen,2011,0.50402,2,4,2
08316,Emmendingen,2012,0.49426,2,4,2
08316,Emmendingen,2013,0.49286,2,4,2
08316,Emmendingen,2014,0.50051,2,4,2
08316,Emmendingen,2015,0.46639,2,3,2
08316,Emmendingen,2016,0.4607,2,4,2
08316,Emmendingen,2017,0.4681,2,3,2
08316,Emmendingen,2018,0.48813,2,4,2
08316,Emmendingen,2019,0.45935,2,3,2
08316,Emmendingen,2020,0.46524,2,3,2
08316,Emmendingen,2021,0.449,2,3,2
08317,Ortenaukreis,1998,0.4899,2,4,2
08317,Ortenaukreis,1999,0.48204,2,4,2
08317,Ortenaukreis,2000,0.43116,2,4,2
08317,Ortenaukreis,2001,0.457,2,4,2
08317,Ortenaukreis,2002,0.49564,2,4,2
08317,Ortenaukreis,2003,0.48538,2,4,2
08317,Ortenaukreis,2004,0.46391,2,4,2
08317,Ortenaukreis,2005,0.48113,2,4,2
08317,Ortenaukreis,2006,0.489,2,4,2
08317,Ortenaukreis,2007,0.48867,2,4,2
08317,Ortenaukreis,2008,0.53313,2,4,2
08317,Ortenaukreis,2009,0.53631,2,4,2
08317,Ortenaukreis,2010,0.53976,2,4,2
08317,Ortenaukreis,2011,0.50185,2,4,2
08317,Ortenaukreis,2012,0.50677,2,4,2
08317,Ortenaukreis,2013,0.50251,2,4,2
08317,Ortenaukreis,2014,0.51641,2,4,2
08317,Ortenaukreis,2015,0.4946,2,4,2
08317,Ortenaukreis,2016,0.45955,2,3,2
08317,Ortenaukreis,2017,0.48806,2,4,2
08317,Ortenaukreis,2018,0.49136,2,4,2
08317,Ortenaukreis,2019,0.48845,2,4,2
08317,Ortenaukreis,2020,0.49413,2,4,2
08317,Ortenaukreis,2021,0.48799,3,5,2
08325,Rottweil,1998,0.46654,2,3,2
08325,Rottweil,1999,0.4629,2,3,2
08325,Rottweil,2000,0.42622,2,4,2
08325,Rottweil,2001,0.46609,2,4,2
08325,Rottweil,2002,0.48676,2,4,2
08325,Rottweil,2003,0.45795,2,4,2
08325,Rottweil,2004,0.45803,2,4,2
08325,Rottweil,2005,0.45307,2,3,2
08325,Rottweil,2006,0.46576,2,3,2
08325,Rottweil,2007,0.46728,2,3,2
08325,Rottweil,2008,0.50022,2,3,2
08325,Rottweil,2009,0.51782,2,4,2
08325,Rottweil,2010,0.51805,2,4,2
08325,Rottweil,2011,0.47047,2,3,2
08325,Rottweil,2012,0.50163,2,4,2
08325,Rottweil,2013,0.48756,2,3,2
08325,Rottweil,2014,0.53478,3,5,2
08325,Rottweil,2015,0.46826,2,3,2
08325,Rottweil,2016,0.46487,2,4,2
08325,Rottweil,2017,0.47433,2,4,2
08325,Rottweil,2018,0.47164,2,3,2
08325,Rottweil,2019,0.45045,2,3,2
08325,Rottweil,2020,0.45,2,3,2
08325,Rottweil,2021,0.44799,2,3,2
08326,Schwarzwald-Baar-Kreis,1998,0.50893,2,4,2
08326,Schwarzwald-Baar-Kreis,1999,0.4763,2,4,2
08326,Schwarzwald-Baar-Kreis,2000,0.44615,2,4,2
08326,Schwarzwald-Baar-Kreis,2001,0.43115,2,4,2
08326,Schwarzwald-Baar-Kreis,2002,0.49314,2,4,2
08326,Schwarzwald-Baar-Kreis,2003,0.4903,2,4,2
08326,Schwarzwald-Baar-Kreis,2004,0.4829,2,4,2
08326,Schwarzwald-Baar-Kreis,2005,0.49166,2,4,2
08326,Schwarzwald-Baar-Kreis,2006,0.48306,2,4,2
08326,Schwarzwald-Baar-Kreis,2007,0.48721,2,4,2
08326,Schwarzwald-Baar-Kreis,2008,0.529,2,4,2
08326,Schwarzwald-Baar-Kreis,2009,0.53147,2,4,2
08326,Schwarzwald-Baar-Kreis,2010,0.54555,2,4,2
08326,Schwarzwald-Baar-Kreis,2011,0.50407,2,4,2
08326,Schwarzwald-Baar-Kreis,2012,0.51984,3,5,2
08326,Schwarzwald-Baar-Kreis,2013,0.54687,3,5,2
08326,Schwarzwald-Baar-Kreis,2014,0.54273,3,5,2
08326,Schwarzwald-Baar-Kreis,2015,0.51222,2,4,2
08326,Schwarzwald-Baar-Kreis,2016,0.48974,2,4,2
08326,Schwarzwald-Baar-Kreis,2017,0.54154,3,5,2
08326,Schwarzwald-Baar-Kreis,2018,0.5031,2,4,2
08326,Schwarzwald-Baar-Kreis,2019,0.49702,2,4,2
08326,Schwarzwald-Baar-Kreis,2020,0.49271,2,4,2
08326,Schwarzwald-Baar-Kreis,2021,0.49353,3,5,2
08327,Tuttlingen,1998,0.55185,3,5,2
08327,Tuttlingen,1999,0.52587,3,5,2
08327,Tuttlingen,2000,0.50442,3,6,2
08327,Tuttlingen,2001,0.52423,3,6,2
08327,Tuttlingen,2002,0.56151,3,6,2
08327,Tuttlingen,2003,0.56127,3,6,2
08327,Tuttlingen,2004,0.5636,4,7,2
08327,Tuttlingen,2005,0.6039,4,7,2
08327,Tuttlingen,2006,0.55272,3,5,2
08327,Tuttlingen,2007,0.55783,3,5,2
08327,Tuttlingen,2008,0.59115,3,5,2
08327,Tuttlingen,2009,0.57883,3,5,2
08327,Tuttlingen,2010,0.58025,3,5,2
08327,Tuttlingen,2011,0.55856,3,5,2
08327,Tuttlingen,2012,0.53562,3,5,2
08327,Tuttlingen,2013,0.55034,3,5,2
08327,Tuttlingen,2014,0.55285,3,5,2
08327,Tuttlingen,2015,0.52321,3,5,2
08327,Tuttlingen,2016,0.51785,3,5,2
08327,Tuttlingen,2017,0.53535,3,5,2
08327,Tuttlingen,2018,0.53606,3,5,2
08327,Tuttlingen,2019,0.50672,2,4,2
08327,Tuttlingen,2020,0.51196,3,5,2
08327,Tuttlingen,2021,0.51798,3,5,2
08335,Konstanz,1998,0.525,3,5,2
08335,Konstanz,1999,0.51275,2,4,2
08335,Konstanz,2000,0.46772,3,5,2
08335,Konstanz,2001,0.47842,3,5,2
08335,Konstanz,2002,0.50284,3,5,2
08335,Konstanz,2003,0.49058,2,4,2
08335,Konstanz,2004,0.46585,2,4,2
08335,Konstanz,2005,0.4739,2,4,2
08335,Konstanz,2006,0.49093,2,4,2
08335,Konstanz,2007,0.52343,2,4,2
08335,Konstanz,2008,0.54923,2,4,2
08335,Konstanz,2009,0.54682,3,5,2
08335,Konstanz,2010,0.54133,2,4,2
08335,Konstanz,2011,0.50968,2,4,2
08335,Konstanz,2012,0.51944,3,5,2
08335,Konstanz,2013,0.5191,2,4,2
08335,Konstanz,2014,0.54523,3,5,2
08335,Konstanz,2015,0.5098,2,4,2
08335,Konstanz,2016,0.47956,2,4,2
08335,Konstanz,2017,0.51061,3,5,2
08335,Konstanz,2018,0.50243,2,4,2
08335,Konstanz,2019,0.50148,2,4,2
08335,Konstanz,2020,0.50765,2,4,2
08335,Konstanz,2021,0.4784,2,4,2
08336,Lörrach,1998,0.55905,3,6,2
08336,Lörrach,1999,0.55246,3,6,2
08336,Lörrach,2000,0.50197,3,6,2
08336,Lörrach,2001,0.52562,3,6,2
08336,Lörrach,2002,0.52836,3,5,2
08336,Lörrach,2003,0.50229,2,4,2
08336,Lörrach,2004,0.51681,3,5,2
08336,Lörrach,2005,0.50648,2,4,2
08336,Lörrach,2006,0.52056,3,5,2
08336,Lörrach,2007,0.55743,3,5,2
08336,Lörrach,2008,0.58775,3,5,2
08336,Lörrach,2009,0.58793,3,6,2
08336,Lörrach,2010,0.57907,3,5,2
08336,Lörrach,2011,0.56097,3,5,2
08336,Lörrach,2012,0.56784,3,6,2
08336,Lörrach,2013,0.53666,3,5,2
08336,Lörrach,2014,0.59449,3,6,2
08336,Lörrach,2015,0.52844,3,5,2
08336,Lörrach,2016,0.51382,3,5,2
08336,Lörrach,2017,0.5397,3,5,2
08336,Lörrach,2018,0.559,3,6,2
08336,Lörrach,2019,0.53508,3,5,2
08336,Lörrach,2020,0.53636,3,5,2
08336,Lörrach,2021,0.52335,3,5,2
08337,Waldshut,1998,0.63818,4,7,2
08337,Waldshut,1999,0.62731,4,7,2
08337,Waldshut,2000,0.57302,4,7,2
08337,Waldshut,2001,0.57826,4,7,2
08337,Waldshut,2002,0.58485,4,7,2
08337,Waldshut,2003,0.59716,4,7,2
08337,Waldshut,2004,0.58697,4,7,2
08337,Waldshut,2005,0.61932,4,7,2
08337,Waldshut,2006,0.60747,4,7,2
08337,Waldshut,2007,0.62587,4,7,2
08337,Waldshut,2008,0.68536,4,7,2
08337,Waldshut,2009,0.659,4,7,2
08337,Waldshut,2010,0.65205,4,7,2
08337,Waldshut,2011,0.63328,4,7,2
08337,Waldshut,2012,0.63277,4,7,2
08337,Waldshut,2013,0.6287,4,7,2
08337,Waldshut,2014,0.65808,4,7,2
08337,Waldshut,2015,0.6022,3,6,2
08337,Waldshut,2016,0.58525,4,7,2
08337,Waldshut,2017,0.63485,4,7,2
08337,Waldshut,2018,0.63932,4,7,2
08337,Waldshut,2019,0.62704,4,7,2
08337,Waldshut,2020,0.61551,4,7,2
08337,Waldshut,2021,0.59827,4,7,2
08415,Reutlingen,1998,0.43155,2,3,2
08415,Reutlingen,1999,0.41509,2,3,2
08415,Reutlingen,2000,0.37792,2,3,2
08415,Reutlingen,2001,0.36272,1,2,1
08415,Reutlingen,2002,0.40272,2,3,2
08415,Reutlingen,2003,0.39847,2,3,2
08415,Reutlingen,2004,0.37679,1,2,1
08415,Reutlingen,2005,0.38966,1,2,1
08415,Reutlingen,2006,0.40593,1,2,1
08415,Reutlingen,2007,0.40476,1,2,1
08415,Reutlingen,2008,0.45095,1,2,1
08415,Reutlingen,2009,0.45826,2,3,2
08415,Reutlingen,2010,0.45919,2,3,2
08415,Reutlingen,2011,0.4179,1,2,1
08415,Reutlingen,2012,0.42112,2,3,2
08415,Reutlingen,2013,0.42732,2,3,2
08415,Reutlingen,2014,0.43185,2,3,2
08415,Reutlingen,2015,0.41032,2,3,2
08415,Reutlingen,2016,0.38723,1,2,1
08415,Reutlingen,2017,0.407,1,2,1
08415,Reutlingen,2018,0.42704,2,3,2
08415,Reutlingen,2019,0.41531,2,3,2
08415,Reutlingen,2020,0.41974,2,3,2
08415,Reutlingen,2021,0.41583,2,3,2
08416,Tübingen,1998,0.35148,1,2,1
08416,Tübingen,1999,0.34696,1,2,1
08416,Tübingen,2000,0.31935,1,2,1
08416,Tübingen,2001,0.30222,1,1,1
08416,Tübingen,2002,0.33905,1,2,1
08416,Tübingen,2003,0.33735,1,1,1
08416,Tübingen,2004,0.32127,1,1,1
08416,Tübingen,2005,0.32015,1,1,1
08416,Tübingen,2006,0.32728,1,1,1
08416,Tübingen,2007,0.35549,1,2,1
08416,Tübingen,2008,0.37982,1,1,1
08416,Tübingen,2009,0.39148,1,2,1
08416,Tübingen,2010,0.37815,1,1,1
08416,Tübingen,2011,0.34404,1,1,1
08416,Tübingen,2012,0.3657,1,2,1
08416,Tübingen,2013,0.35575,1,1,1
08416,Tübingen,2014,0.34159,1,1,1
08416,Tübingen,2015,0.33487,1,1,1
08416,Tübingen,2016,0.31093,1,1,1
08416,Tübingen,2017,0.31482,1,1,1
08416,Tübingen,2018,0.31386,1,1,1
08416,Tübingen,2019,0.33024,1,1,1
08416,Tübingen,2020,0.32645,1,1,1
08416,Tübingen,2021,0.32765,1,1,1
08417,Zollernalbkreis,1998,0.55305,3,5,2
08417,Zollernalbkreis,1999,0.49784,2,4,2
08417,Zollernalbkreis,2000,0.43965,2,4,2
08417,Zollernalbkreis,2001,0.4761,2,4,2
08417,Zollernalbkreis,2002,0.55194,3,6,2
08417,Zollernalbkreis,2003,0.54183,3,6,2
08417,Zollernalbkreis,2004,0.53994,3,6,2
08417,Zollernalbkreis,2005,0.55962,3,6,2
08417,Zollernalbkreis,2006,0.54878,3,5,2
08417,Zollernalbkreis,2007,0.54085,3,5,2
08417,Zollernalbkreis,2008,0.5661,2,4,2
08417,Zollernalbkreis,2009,0.55939,3,5,2
08417,Zollernalbkreis,2010,0.5779,3,5,2
08417,Zollernalbkreis,2011,0.54097,3,5,2
08417,Zollernalbkreis,2012,0.52851,3,5,2
08417,Zollernalbkreis,2013,0.53308,3,5,2
08417,Zollernalbkreis,2014,0.54282,3,5,2
08417,Zollernalbkreis,2015,0.51972,3,5,2
08417,Zollernalbkreis,2016,0.49875,3,5,2
08417,Zollernalbkreis,2017,0.5268,3,5,2
08417,Zollernalbkreis,2018,0.50168,2,4,2
08417,Zollernalbkreis,2019,0.49635,2,4,2
08417,Zollernalbkreis,2020,0.49464,2,4,2
08417,Zollernalbkreis,2021,0.48239,2,4,2
08421,"Ulm, Stadtkreis",1998,0.35899,1,2,1
08421,"Ulm, Stadtkreis",1999,0.36569,1,2,1
08421,"Ulm, Stadtkreis",2000,0.30273,1,2,1
08421,"Ulm, Stadtkreis",2001,0.36141,1,2,1
08421,"Ulm, Stadtkreis",2002,0.36519,1,2,1
08421,"Ulm, Stadtkreis",2003,0.341,1,1,1
08421,"Ulm, Stadtkreis",2004,0.34311,1,2,1
08421,"Ulm, Stadtkreis",2005,0.33613,1,1,1
08421,"Ulm, Stadtkreis",2006,0.36277,1,2,1
08421,"Ulm, Stadtkreis",2007,0.35134,1,1,1
08421,"Ulm, Stadtkreis",2008,0.37805,1,1,1
08421,"Ulm, Stadtkreis",2009,0.35757,1,1,1
08421,"Ulm, Stadtkreis",2010,0.33312,1,1,1
08421,"Ulm, Stadtkreis",2011,0.31397,1,1,1
08421,"Ulm, Stadtkreis",2012,0.30061,1,1,1
08421,"Ulm, Stadtkreis",2013,0.30267,1,1,1
08421,"Ulm, Stadtkreis",2014,0.27637,1,1,1
08421,"Ulm, Stadtkreis",2015,0.34046,1,1,1
08421,"Ulm, Stadtkreis",2016,0.29489,1,1,1
08421,"Ulm, Stadtkreis",2017,0.30638,1,1,1
08421,"Ulm, Stadtkreis",2018,0.30924,1,1,1
08421,"Ulm, Stadtkreis",2019,0.30832,1,1,1
08421,"Ulm, Stadtkreis",2020,0.30609,1,1,1
08421,"Ulm, Stadtkreis",2021,0.31501,1,1,1
08425,Alb-Donau-Kreis,1998,0.38129,1,2,1
08425,Alb-Donau-Kreis,1999,0.37431,1,2,1
08425,Alb-Donau-Kreis,2000,0.31449,1,2,1
08425,Alb-Donau-Kreis,2001,0.31229,1,2,1
08425,Alb-Donau-Kreis,2002,0.35483,1,2,1
08425,Alb-Donau-Kreis,2003,0.36331,1,2,1
08425,Alb-Donau-Kreis,2004,0.34334,1,2,1
08425,Alb-Donau-Kreis,2005,0.35451,1,2,1
08425,Alb-Donau-Kreis,2006,0.36801,1,2,1
08425,Alb-Donau-Kreis,2007,0.38089,1,2,1
08425,Alb-Donau-Kreis,2008,0.4378,1,2,1
08425,Alb-Donau-Kreis,2009,0.43054,1,2,1
08425,Alb-Donau-Kreis,2010,0.42037,1,2,1
08425,Alb-Donau-Kreis,2011,0.38155,1,2,1
08425,Alb-Donau-Kreis,2012,0.41331,1,2,1
08425,Alb-Donau-Kreis,2013,0.41187,1,2,1
08425,Alb-Donau-Kreis,2014,0.41825,1,2,1
08425,Alb-Donau-Kreis,2015,0.40854,1,2,1
08425,Alb-Donau-Kreis,2016,0.40373,2,3,2
08425,Alb-Donau-Kreis,2017,0.41328,2,3,2
08425,Alb-Donau-Kreis,2018,0.40778,1,2,1
08425,Alb-Donau-Kreis,2019,0.41085,2,3,2
08425,Alb-Donau-Kreis,2020,0.4097,2,3,2
08425,Alb-Donau-Kreis,2021,0.41895,2,3,2
08426,Biberach,1998,0.35321,1,2,1
08426,Biberach,1999,0.33334,1,1,1
08426,Biberach,2000,0.3423,1,2,1
08426,Biberach,2001,0.33879,1,2,1
08426,Biberach,2002,0.37929,1,2,1
08426,Biberach,2003,0.36821,1,2,1
08426,Biberach,2004,0.3562,1,2,1
08426,Biberach,2005,0.3733,1,2,1
08426,Biberach,2006,0.37384,1,2,1
08426,Biberach,2007,0.37907,1,2,1
08426,Biberach,2008,0.39333,1,2,1
08426,Biberach,2009,0.40237,1,2,1
08426,Biberach,2010,0.41542,1,2,1
08426,Biberach,2011,0.37626,1,2,1
08426,Biberach,2012,0.36748,1,2,1
08426,Biberach,2013,0.37614,1,2,1
08426,Biberach,2014,0.37979,1,2,1
08426,Biberach,2015,0.37582,1,2,1
08426,Biberach,2016,0.35576,1,2,1
08426,Biberach,2017,0.37371,1,2,1
08426,Biberach,2018,0.3841,1,2,1
08426,Biberach,2019,0.38613,1,2,1
08426,Biberach,2020,0.37858,1,2,1
08426,Biberach,2021,0.36144,1,2,1
08435,Bodenseekreis,1998,0.29686,1,1,1
08435,Bodenseekreis,1999,0.27166,1,1,1
08435,Bodenseekreis,2000,0.28381,1,1,1
08435,Bodenseekreis,2001,0.27685,1,1,1
08435,Bodenseekreis,2002,0.2919,1,1,1
08435,Bodenseekreis,2003,0.28488,1,1,1
08435,Bodenseekreis,2004,0.26784,1,1,1
08435,Bodenseekreis,2005,0.29549,1,1,1
08435,Bodenseekreis,2006,0.28695,1,1,1
08435,Bodenseekreis,2007,0.29367,1,1,1
08435,Bodenseekreis,2008,0.32625,1,1,1
08435,Bodenseekreis,2009,0.32442,1,1,1
08435,Bodenseekreis,2010,0.3255,1,1,1
08435,Bodenseekreis,2011,0.2814,1,1,1
08435,Bodenseekreis,2012,0.3008,1,1,1
08435,Bodenseekreis,2013,0.29005,1,1,1
08435,Bodenseekreis,2014,0.27485,1,1,1
08435,Bodenseekreis,2015,0.28976,1,1,1
08435,Bodenseekreis,2016,0.26978,1,1,1
08435,Bodenseekreis,2017,0.30795,1,1,1
08435,Bodenseekreis,2018,0.29632,1,1,1
08435,Bodenseekreis,2019,0.29401,1,1,1
08435,Bodenseekreis,2020,0.3179,1,1,1
08435,Bodenseekreis,2021,0.30444,1,1,1
08436,Ravensburg,1998,0.42048,2,3,2
08436,Ravensburg,1999,0.40997,2,3,2
08436,Ravensburg,2000,0.38295,2,3,2
08436,Ravensburg,2001,0.37969,2,3,2
08436,Ravensburg,2002,0.42429,2,3,2
08436,Ravensburg,2003,0.42424,2,3,2
08436,Ravensburg,2004,0.4142,2,3,2
08436,Ravensburg,2005,0.40556,2,3,2
08436,Ravensburg,2006,0.41482,2,3,2
08436,Ravensburg,2007,0.42203,2,3,2
08436,Ravensburg,2008,0.46468,2,3,2
08436,Ravensburg,2009,0.46791,2,3,2
08436,Ravensburg,2010,0.46354,2,3,2
08436,Ravensburg,2011,0.42693,2,3,2
08436,Ravensburg,2012,0.4539,2,3,2
08436,Ravensburg,2013,0.4427,2,3,2
08436,Ravensburg,2014,0.4515,2,3,2
08436,Ravensburg,2015,0.48169,2,4,2
08436,Ravensburg,2016,0.40924,2,3,2
08436,Ravensburg,2017,0.4411,2,3,2
08436,Ravensburg,2018,0.43893,2,3,2
08436,Ravensburg,2019,0.43643,2,3,2
08436,Ravensburg,2020,0.41754,2,3,2
08436,Ravensburg,2021,0.40996,2,3,2
08437,Sigmaringen,1998,0.5818,3,6,2
08437,Sigmaringen,1999,0.56068,3,6,2
08437,Sigmaringen,2000,0.53965,4,7,2
08437,Sigmaringen,2001,0.54435,4,7,2
08437,Sigmaringen,2002,0.61247,4,7,2
08437,Sigmaringen,2003,0.59703,4,7,2
08437,Sigmaringen,2004,0.61159,4,8,2
08437,Sigmaringen,2005,0.61785,4,7,2
08437,Sigmaringen,2006,0.60681,4,7,2
08437,Sigmaringen,2007,0.59101,3,6,2
08437,Sigmaringen,2008,0.62721,3,6,2
08437,Sigmaringen,2009,0.62447,3,6,2
08437,Sigmaringen,2010,0.63582,4,7,2
08437,Sigmaringen,2011,0.5877,3,6,2
08437,Sigmaringen,2012,0.59093,3,6,2
08437,Sigmaringen,2013,0.58399,3,6,2
08437,Sigmaringen,2014,0.60444,3,6,2
08437,Sigmaringen,2015,0.57975,3,6,2
08437,Sigmaringen,2016,0.56087,3,6,2
08437,Sigmaringen,2017,0.57791,3,6,2
08437,Sigmaringen,2018,0.57089,3,6,2
08437,Sigmaringen,2019,0.55386,3,6,2
08437,Sigmaringen,2020,0.54113,3,5,2
08437,Sigmaringen,2021,0.52719,3,6,2
09161,Ingolstadt,1998,0.33856,1,1,1
09161,Ingolstadt,1999,0.29927,1,1,1
09161,Ingolstadt,2000,0.30003,1,2,1
09161,Ingolstadt,2001,0.32736,1,2,1
09161,Ingolstadt,2002,0.39675,2,3,2
09161,Ingolstadt,2003,0.36598,1,2,1
09161,Ingolstadt,2004,0.32946,1,2,1
09161,Ingolstadt,2005,0.3394,1,1,1
09161,Ingolstadt,2006,0.34816,1,2,1
09161,Ingolstadt,2007,0.34399,1,1,1
09161,Ingolstadt,2008,0.38018,1,1,1
09161,Ingolstadt,2009,0.35633,1,1,1
09161,Ingolstadt,2010,0.33973,1,1,1
09161,Ingolstadt,2011,0.3103,1,1,1
09161,Ingolstadt,2012,0.27147,1,1,1
09161,Ingolstadt,2013,0.22879,1,1,1
09161,Ingolstadt,2014,0.22854,1,1,1
09161,Ingolstadt,2015,0.1742,1,1,1
09161,Ingolstadt,2016,0.1431,1,1,1
09161,Ingolstadt,2017,0.14789,1,1,1
09161,Ingolstadt,2018,0.17141,1,1,1
09161,Ingolstadt,2019,0.16874,1,1,1
09161,Ingolstadt,2020,0.19679,1,1,1
09161,Ingolstadt,2021,0.19834,1,1,1
09162,"München, Landeshauptstadt",1998,0.18862,1,1,1
09162,"München, Landeshauptstadt",1999,0.14405,1,1,1
09162,"München, Landeshauptstadt",2000,0.09292,1,1,1
09162,"München, Landeshauptstadt",2001,0.13296,1,1,1
09162,"München, Landeshauptstadt",2002,0.13947,1,1,1
09162,"München, Landeshauptstadt",2003,0.17034,1,1,1
09162,"München, Landeshauptstadt",2004,0.15639,1,1,1
09162,"München, Landeshauptstadt",2005,0.18982,1,1,1
09162,"München, Landeshauptstadt",2006,0.19971,1,1,1
09162,"München, Landeshauptstadt",2007,0.19661,1,1,1
09162,"München, Landeshauptstadt",2008,0.21042,1,1,1
09162,"München, Landeshauptstadt",2009,0.20543,1,1,1
09162,"München, Landeshauptstadt",2010,0.20756,1,1,1
09162,"München, Landeshauptstadt",2011,0.18925,1,1,1
09162,"München, Landeshauptstadt",2012,0.14139,1,1,1
09162,"München, Landeshauptstadt",2013,0.13326,1,1,1
09162,"München, Landeshauptstadt",2014,0.10037,1,1,1
09162,"München, Landeshauptstadt",2015,0.10932,1,1,1
09162,"München, Landeshauptstadt",2016,0.0409,1,1,1
09162,"München, Landeshauptstadt",2017,0.03295,1,1,1
09162,"München, Landeshauptstadt",2018,0.04316,1,1,1
09162,"München, Landeshauptstadt",2019,0.04118,1,1,1
09162,"München, Landeshauptstadt",2020,0.04489,1,1,1
09162,"München, Landeshauptstadt",2021,0.05129,1,1,1
09163,"Rosenheim, Stadt",1998,0.47662,2,3,2
09163,"Rosenheim, Stadt",1999,0.49319,2,4,2
09163,"Rosenheim, Stadt",2000,0.42672,2,4,2
09163,"Rosenheim, Stadt",2001,0.4331,2,4,2
09163,"Rosenheim, Stadt",2002,0.45276,2,3,2
09163,"Rosenheim, Stadt",2003,0.4343,2,3,2
09163,"Rosenheim, Stadt",2004,0.41962,2,3,2
09163,"Rosenheim, Stadt",2005,0.44931,2,3,2
09163,"Rosenheim, Stadt",2006,0.4864,2,4,2
09163,"Rosenheim, Stadt",2007,0.49082,2,4,2
09163,"Rosenheim, Stadt",2008,0.52638,2,3,2
09163,"Rosenheim, Stadt",2009,0.52168,2,4,2
09163,"Rosenheim, Stadt",2010,0.53818,2,4,2
09163,"Rosenheim, Stadt",2011,0.49595,2,4,2
09163,"Rosenheim, Stadt",2012,0.49408,2,4,2
09163,"Rosenheim, Stadt",2013,0.49111,2,4,2
09163,"Rosenheim, Stadt",2014,0.51355,2,4,2
09163,"Rosenheim, Stadt",2015,0.46303,2,3,2
09163,"Rosenheim, Stadt",2016,0.44562,2,3,2
09163,"Rosenheim, Stadt",2017,0.43811,2,3,2
09163,"Rosenheim, Stadt",2018,0.47767,2,3,2
09163,"Rosenheim, Stadt",2019,0.44192,2,3,2
09163,"Rosenheim, Stadt",2020,0.44226,2,3,2
09163,"Rosenheim, Stadt",2021,0.41773,2,3,2
09171,Altötting,1998,0.38219,1,2,1
09171,Altötting,1999,0.40348,2,3,2
09171,Altötting,2000,0.36159,2,3,2
09171,Altötting,2001,0.41862,2,3,2
09171,Altötting,2002,0.41579,2,3,2
09171,Altötting,2003,0.39544,2,3,2
09171,Altötting,2004,0.38434,1,2,1
09171,Altötting,2005,0.38265,1,2,1
09171,Altötting,2006,0.3729,1,2,1
09171,Altötting,2007,0.35131,1,1,1
09171,Altötting,2008,0.38095,1,1,1
09171,Altötting,2009,0.37936,1,2,1
09171,Altötting,2010,0.38665,1,2,1
09171,Altötting,2011,0.36769,1,1,1
09171,Altötting,2012,0.34677,1,1,1
09171,Altötting,2013,0.37266,1,2,1
09171,Altötting,2014,0.38245,1,2,1
09171,Altötting,2015,0.36574,1,2,1
09171,Altötting,2016,0.36743,1,2,1
09171,Altötting,2017,0.38317,1,2,1
09171,Altötting,2018,0.37085,1,2,1
09171,Altötting,2019,0.35431,1,2,1
09171,Altötting,2020,0.36587,1,2,1
09171,Altötting,2021,0.3505,1,2,1
09172,Berchtesgadener Land,1998,0.45708,2,3,2
09172,Berchtesgadener Land,1999,0.43633,2,3,2
09172,Berchtesgadener Land,2000,0.3746,2,3,2
09172,Berchtesgadener Land,2001,0.43778,2,4,2
09172,Berchtesgadener Land,2002,0.44304,2,3,2
09172,Berchtesgadener Land,2003,0.45313,2,4,2
09172,Berchtesgadener Land,2004,0.45373,2,4,2
09172,Berchtesgadener Land,2005,0.46778,2,4,2
09172,Berchtesgadener Land,2006,0.47932,2,4,2
09172,Berchtesgadener Land,2007,0.48133,2,4,2
09172,Berchtesgadener Land,2008,0.55947,2,4,2
09172,Berchtesgadener Land,2009,0.52437,2,4,2
09172,Berchtesgadener Land,2010,0.53543,2,4,2
09172,Berchtesgadener Land,2011,0.52692,2,4,2
09172,Berchtesgadener Land,2012,0.53512,3,5,2
09172,Berchtesgadener Land,2013,0.51629,2,4,2
09172,Berchtesgadener Land,2014,0.53259,3,5,2
09172,Berchtesgadener Land,2015,0.52016,3,5,2
09172,Berchtesgadener Land,2016,0.48543,2,4,2
09172,Berchtesgadener Land,2017,0.49764,2,4,2
09172,Berchtesgadener Land,2018,0.48594,2,4,2
09172,Berchtesgadener Land,2019,0.48736,2,4,2
09172,Berchtesgadener Land,2020,0.48612,2,4,2
09172,Berchtesgadener Land,2021,0.48069,2,4,2
09173,Bad Tölz-Wolfratshausen,1998,0.30127,1,1,1
09173,Bad Tölz-Wolfratshausen,1999,0.29449,1,1,1
09173,Bad Tölz-Wolfratshausen,2000,0.22597,1,1,1
09173,Bad Tölz-Wolfratshausen,2001,0.25355,1,1,1
09173,Bad Tölz-Wolfratshausen,2002,0.26797,1,1,1
09173,Bad Tölz-Wolfratshausen,2003,0.269,1,1,1
09173,Bad Tölz-Wolfratshausen,2004,0.27339,1,1,1
09173,Bad Tölz-Wolfratshausen,2005,0.27081,1,1,1
09173,Bad Tölz-Wolfratshausen,2006,0.27901,1,1,1
09173,Bad Tölz-Wolfratshausen,2007,0.29825,1,1,1
09173,Bad Tölz-Wolfratshausen,2008,0.33191,1,1,1
09173,Bad Tölz-Wolfratshausen,2009,0.32056,1,1,1
09173,Bad Tölz-Wolfratshausen,2010,0.34376,1,1,1
09173,Bad Tölz-Wolfratshausen,2011,0.32263,1,1,1
09173,Bad Tölz-Wolfratshausen,2012,0.31028,1,1,1
09173,Bad Tölz-Wolfratshausen,2013,0.29852,1,1,1
09173,Bad Tölz-Wolfratshausen,2014,0.324,1,1,1
09173,Bad Tölz-Wolfratshausen,2015,0.31288,1,1,1
09173,Bad Tölz-Wolfratshausen,2016,0.30852,1,1,1
09173,Bad Tölz-Wolfratshausen,2017,0.2992,1,1,1
09173,Bad Tölz-Wolfratshausen,2018,0.31205,1,1,1
09173,Bad Tölz-Wolfratshausen,2019,0.31852,1,1,1
09173,Bad Tölz-Wolfratshausen,2020,0.30674,1,1,1
09173,Bad Tölz-Wolfratshausen,2021,0.28432,1,1,1
09174,Dachau,1998,0.29033,1,1,1
09174,Dachau,1999,0.29316,1,1,1
09174,Dachau,2000,0.21188,1,1,1
09174,Dachau,2001,0.24874,1,1,1
09174,Dachau,2002,0.24519,1,1,1
09174,Dachau,2003,0.22972,1,1,1
09174,Dachau,2004,0.27928,1,1,1
09174,Dachau,2005,0.25211,1,1,1
09174,Dachau,2006,0.26521,1,1,1
09174,Dachau,2007,0.2934,1,1,1
09174,Dachau,2008,0.32672,1,1,1
09174,Dachau,2009,0.31565,1,1,1
09174,Dachau,2010,0.31753,1,1,1
09174,Dachau,2011,0.33003,1,1,1
09174,Dachau,2012,0.31655,1,1,1
09174,Dachau,2013,0.32353,1,1,1
09174,Dachau,2014,0.30461,1,1,1
09174,Dachau,2015,0.29315,1,1,1
09174,Dachau,2016,0.27172,1,1,1
09174,Dachau,2017,0.29173,1,1,1
09174,Dachau,2018,0.30382,1,1,1
09174,Dachau,2019,0.34933,1,2,1
09174,Dachau,2020,0.32199,1,1,1
09174,Dachau,2021,0.28588,1,1,1
09175,Ebersberg,1998,0.15046,1,1,1
09175,Ebersberg,1999,0.16241,1,1,1
09175,Ebersberg,2000,0.09058,1,1,1
09175,Ebersberg,2001,0.10269,1,1,1
09175,Ebersberg,2002,0.13012,1,1,1
09175,Ebersberg,2003,0.14135,1,1,1
09175,Ebersberg,2004,0.08098,1,1,1
09175,Ebersberg,2005,0.10987,1,1,1
09175,Ebersberg,2006,0.11392,1,1,1
09175,Ebersberg,2007,0.13277,1,1,1
09175,Ebersberg,2008,0.17087,1,1,1
09175,Ebersberg,2009,0.15382,1,1,1
09175,Ebersberg,2010,0.17975,1,1,1
09175,Ebersberg,2011,0.19281,1,1,1
09175,Ebersberg,2012,0.18023,1,1,1
09175,Ebersberg,2013,0.20767,1,1,1
09175,Ebersberg,2014,0.17978,1,1,1
09175,Ebersberg,2015,0.19266,1,1,1
09175,Ebersberg,2016,0.18381,1,1,1
09175,Ebersberg,2017,0.18581,1,1,1
09175,Ebersberg,2018,0.22139,1,1,1
09175,Ebersberg,2019,0.20102,1,1,1
09175,Ebersberg,2020,0.19307,1,1,1
09175,Ebersberg,2021,0.20063,1,1,1
09176,Eichstätt,1998,0.32608,1,1,1
09176,Eichstätt,1999,0.30879,1,1,1
09176,Eichstätt,2000,0.29101,1,1,1
09176,Eichstätt,2001,0.31109,1,2,1
09176,Eichstätt,2002,0.38027,1,2,1
09176,Eichstätt,2003,0.34846,1,2,1
09176,Eichstätt,2004,0.29705,1,1,1
09176,Eichstätt,2005,0.30683,1,1,1
09176,Eichstätt,2006,0.30809,1,1,1
09176,Eichstätt,2007,0.33362000000000003,1,1,1
09176,Eichstätt,2008,0.36413,1,1,1
09176,Eichstätt,2009,0.34812,1,1,1
09176,Eichstätt,2010,0.34553,1,1,1
09176,Eichstätt,2011,0.33101,1,1,1
09176,Eichstätt,2012,0.29646,1,1,1
09176,Eichstätt,2013,0.28405,1,1,1
09176,Eichstätt,2014,0.28388,1,1,1
09176,Eichstätt,2015,0.26276,1,1,1
09176,Eichstätt,2016,0.24708,1,1,1
09176,Eichstätt,2017,0.24642,1,1,1
09176,Eichstätt,2018,0.25609,1,1,1
09176,Eichstätt,2019,0.27091,1,1,1
09176,Eichstätt,2020,0.25972,1,1,1
09176,Eichstätt,2021,0.282,1,1,1
09177,Erding,1998,0.30689,1,1,1
09177,Erding,1999,0.31234,1,1,1
09177,Erding,2000,0.28799,1,1,1
09177,Erding,2001,0.28778,1,1,1
09177,Erding,2002,0.29419,1,1,1
09177,Erding,2003,0.30283,1,1,1
09177,Erding,2004,0.29532,1,1,1
09177,Erding,2005,0.30432,1,1,1
09177,Erding,2006,0.30165,1,1,1
09177,Erding,2007,0.33613,1,1,1
09177,Erding,2008,0.36701,1,1,1
09177,Erding,2009,0.35123,1,1,1
09177,Erding,2010,0.35229,1,1,1
09177,Erding,2011,0.358,1,1,1
09177,Erding,2012,0.32453,1,1,1
09177,Erding,2013,0.32987,1,1,1
09177,Erding,2014,0.33367,1,1,1
09177,Erding,2015,0.33081,1,1,1
09177,Erding,2016,0.31402,1,1,1
09177,Erding,2017,0.3045,1,1,1
09177,Erding,2018,0.31105,1,1,1
09177,Erding,2019,0.3148,1,1,1
09177,Erding,2020,0.32489,1,1,1
09177,Erding,2021,0.32062,1,1,1
09178,Freising,1998,0.29566,1,1,1
09178,Freising,1999,0.27491,1,1,1
09178,Freising,2000,0.25823,1,1,1
09178,Freising,2001,0.26218,1,1,1
09178,Freising,2002,0.26225,1,1,1
09178,Freising,2003,0.28172,1,1,1
09178,Freising,2004,0.26396,1,1,1
09178,Freising,2005,0.27571,1,1,1
09178,Freising,2006,0.27724,1,1,1
09178,Freising,2007,0.30767,1,1,1
09178,Freising,2008,0.29794,1,1,1
09178,Freising,2009,0.26627,1,1,1
09178,Freising,2010,0.26925,1,1,1
09178,Freising,2011,0.25873,1,1,1
09178,Freising,2012,0.24191,1,1,1
09178,Freising,2013,0.26097,1,1,1
09178,Freising,2014,0.2667,1,1,1
09178,Freising,2015,0.26774,1,1,1
09178,Freising,2016,0.24419,1,1,1
09178,Freising,2017,0.2456,1,1,1
09178,Freising,2018,0.26411,1,1,1
09178,Freising,2019,0.26434,1,1,1
09178,Freising,2020,0.2771,1,1,1
09178,Freising,2021,0.26118,1,1,1
09179,Fürstenfeldbruck,1998,0.22599,1,1,1
09179,Fürstenfeldbruck,1999,0.21278,1,1,1
09179,Fürstenfeldbruck,2000,0.17262,1,1,1
09179,Fürstenfeldbruck,2001,0.16957,1,1,1
09179,Fürstenfeldbruck,2002,0.15396,1,1,1
09179,Fürstenfeldbruck,2003,0.16504,1,1,1
09179,Fürstenfeldbruck,2004,0.1625,1,1,1
09179,Fürstenfeldbruck,2005,0.16207,1,1,1
09179,Fürstenfeldbruck,2006,0.19407,1,1,1
09179,Fürstenfeldbruck,2007,0.22939,1,1,1
09179,Fürstenfeldbruck,2008,0.24359,1,1,1
09179,Fürstenfeldbruck,2009,0.24568,1,1,1
09179,Fürstenfeldbruck,2010,0.23483,1,1,1
09179,Fürstenfeldbruck,2011,0.23772,1,1,1
09179,Fürstenfeldbruck,2012,0.24003,1,1,1
09179,Fürstenfeldbruck,2013,0.23325,1,1,1
09179,Fürstenfeldbruck,2014,0.24775,1,1,1
09179,Fürstenfeldbruck,2015,0.23988,1,1,1
09179,Fürstenfeldbruck,2016,0.24226,1,1,1
09179,Fürstenfeldbruck,2017,0.23958,1,1,1
09179,Fürstenfeldbruck,2018,0.24012,1,1,1
09179,Fürstenfeldbruck,2019,0.25398,1,1,1
09179,Fürstenfeldbruck,2020,0.2423,1,1,1
09179,Fürstenfeldbruck,2021,0.24085,1,1,1
09180,Garmisch-Partenkirchen,1998,0.40422,1,2,1
09180,Garmisch-Partenkirchen,1999,0.36331,1,2,1
09180,Garmisch-Partenkirchen,2000,0.31433,1,2,1
09180,Garmisch-Partenkirchen,2001,0.32122,1,2,1
09180,Garmisch-Partenkirchen,2002,0.36523,1,2,1
09180,Garmisch-Partenkirchen,2003,0.37007,1,2,1
09180,Garmisch-Partenkirchen,2004,0.37407,1,2,1
09180,Garmisch-Partenkirchen,2005,0.39151,1,2,1
09180,Garmisch-Partenkirchen,2006,0.38472,1,2,1
09180,Garmisch-Partenkirchen,2007,0.42366,2,3,2
09180,Garmisch-Partenkirchen,2008,0.47416,2,3,2
09180,Garmisch-Partenkirchen,2009,0.43309,1,2,1
09180,Garmisch-Partenkirchen,2010,0.44313,1,2,1
09180,Garmisch-Partenkirchen,2011,0.43519,2,3,2
09180,Garmisch-Partenkirchen,2012,0.41923,2,3,2
09180,Garmisch-Partenkirchen,2013,0.41899,1,2,1
09180,Garmisch-Partenkirchen,2014,0.42291,2,3,2
09180,Garmisch-Partenkirchen,2015,0.43482,2,3,2
09180,Garmisch-Partenkirchen,2016,0.40658,2,3,2
09180,Garmisch-Partenkirchen,2017,0.41529,2,3,2
09180,Garmisch-Partenkirchen,2018,0.41228,2,3,2
09180,Garmisch-Partenkirchen,2019,0.39277,1,2,1
09180,Garmisch-Partenkirchen,2020,0.39113,1,2,1
09180,Garmisch-Partenkirchen,2021,0.36693,1,2,1
09181,Landsberg am Lech,1998,0.31431,1,1,1
09181,Landsberg am Lech,1999,0.2784,1,1,1
09181,Landsberg am Lech,2000,0.25108,1,1,1
09181,Landsberg am Lech,2001,0.2691,1,1,1
09181,Landsberg am Lech,2002,0.31202,1,1,1
09181,Landsberg am Lech,2003,0.3352,1,1,1
09181,Landsberg am Lech,2004,0.32332,1,2,1
09181,Landsberg am Lech,2005,0.34926,1,2,1
09181,Landsberg am Lech,2006,0.32781,1,1,1
09181,Landsberg am Lech,2007,0.35113,1,1,1
09181,Landsberg am Lech,2008,0.35619,1,1,1
09181,Landsberg am Lech,2009,0.3672,1,1,1
09181,Landsberg am Lech,2010,0.3734,1,1,1
09181,Landsberg am Lech,2011,0.33924,1,1,1
09181,Landsberg am Lech,2012,0.31251,1,1,1
09181,Landsberg am Lech,2013,0.31913,1,1,1
09181,Landsberg am Lech,2014,0.31573,1,1,1
09181,Landsberg am Lech,2015,0.31435,1,1,1
09181,Landsberg am Lech,2016,0.29656,1,1,1
09181,Landsberg am Lech,2017,0.29115,1,1,1
09181,Landsberg am Lech,2018,0.3036,1,1,1
09181,Landsberg am Lech,2019,0.30322,1,1,1
09181,Landsberg am Lech,2020,0.31109,1,1,1
09181,Landsberg am Lech,2021,0.27545,1,1,1
09182,Miesbach,1998,0.24089,1,1,1
09182,Miesbach,1999,0.24652,1,1,1
09182,Miesbach,2000,0.19645,1,1,1
09182,Miesbach,2001,0.22427,1,1,1
09182,Miesbach,2002,0.23182,1,1,1
09182,Miesbach,2003,0.24972,1,1,1
09182,Miesbach,2004,0.25865,1,1,1
09182,Miesbach,2005,0.32936,1,1,1
09182,Miesbach,2006,0.24825,1,1,1
09182,Miesbach,2007,0.25664,1,1,1
09182,Miesbach,2008,0.29554,1,1,1
09182,Miesbach,2009,0.30908,1,1,1
09182,Miesbach,2010,0.32238,1,1,1
09182,Miesbach,2011,0.30839,1,1,1
09182,Miesbach,2012,0.27199,1,1,1
09182,Miesbach,2013,0.25248,1,1,1
09182,Miesbach,2014,0.27177,1,1,1
09182,Miesbach,2015,0.27433,1,1,1
09182,Miesbach,2016,0.24304,1,1,1
09182,Miesbach,2017,0.29247,1,1,1
09182,Miesbach,2018,0.25855,1,1,1
09182,Miesbach,2019,0.24591,1,1,1
09182,Miesbach,2020,0.25018,1,1,1
09182,Miesbach,2021,0.22294,1,1,1
09183,Mühldorf a.Inn,1998,0.55924,3,6,2
09183,Mühldorf a.Inn,1999,0.54413,3,6,2
09183,Mühldorf a.Inn,2000,0.46954,3,5,2
09183,Mühldorf a.Inn,2001,0.51132,3,6,2
09183,Mühldorf a.Inn,2002,0.61831,4,8,2
09183,Mühldorf a.Inn,2003,0.51935,3,5,2
09183,Mühldorf a.Inn,2004,0.51645,3,5,2
09183,Mühldorf a.Inn,2005,0.52688,3,5,2
09183,Mühldorf a.Inn,2006,0.51385,2,4,2
09183,Mühldorf a.Inn,2007,0.52798,3,5,2
09183,Mühldorf a.Inn,2008,0.56939,2,4,2
09183,Mühldorf a.Inn,2009,0.54434,2,4,2
09183,Mühldorf a.Inn,2010,0.55114,3,5,2
09183,Mühldorf a.Inn,2011,0.52341,2,4,2
09183,Mühldorf a.Inn,2012,0.46118,2,3,2
09183,Mühldorf a.Inn,2013,0.48507,2,3,2
09183,Mühldorf a.Inn,2014,0.48958,2,3,2
09183,Mühldorf a.Inn,2015,0.4842,2,4,2
09183,Mühldorf a.Inn,2016,0.46846,2,4,2
09183,Mühldorf a.Inn,2017,0.48143,2,4,2
09183,Mühldorf a.Inn,2018,0.49126,2,4,2
09183,Mühldorf a.Inn,2019,0.46956,2,3,2
09183,Mühldorf a.Inn,2020,0.47033,2,4,2
09183,Mühldorf a.Inn,2021,0.47504,2,4,2
09184,München,1998,0,1,1,1
09184,München,1999,0,1,1,1
09184,München,2000,0,1,1,1
09184,München,2001,0,1,1,1
09184,München,2002,0,1,1,1
09184,München,2003,0,1,1,1
09184,München,2004,0.00439,1,1,1
09184,München,2005,0,1,1,1
09184,München,2006,0,1,1,1
09184,München,2007,0,1,1,1
09184,München,2008,0,1,1,1
09184,München,2009,0,1,1,1
09184,München,2010,0,1,1,1
09184,München,2011,0,1,1,1
09184,München,2012,0,1,1,1
09184,München,2013,0,1,1,1
09184,München,2014,0,1,1,1
09184,München,2015,0,1,1,1
09184,München,2016,0,1,1,1
09184,München,2017,0,1,1,1
09184,München,2018,0,1,1,1
09184,München,2019,0,1,1,1
09184,München,2020,0,1,1,1
09184,München,2021,0,1,1,1
09185,Neuburg-Schrobenhausen,1998,0.49143,2,4,2
09185,Neuburg-Schrobenhausen,1999,0.43626,2,3,2
09185,Neuburg-Schrobenhausen,2000,0.40077,2,3,2
09185,Neuburg-Schrobenhausen,2001,0.40256,2,3,2
09185,Neuburg-Schrobenhausen,2002,0.42354,2,3,2
09185,Neuburg-Schrobenhausen,2003,0.41306,2,3,2
09185,Neuburg-Schrobenhausen,2004,0.39734,2,3,2
09185,Neuburg-Schrobenhausen,2005,0.4271,2,3,2
09185,Neuburg-Schrobenhausen,2006,0.42934,2,3,2
09185,Neuburg-Schrobenhausen,2007,0.42051,2,3,2
09185,Neuburg-Schrobenhausen,2008,0.46634,2,3,2
09185,Neuburg-Schrobenhausen,2009,0.45516,2,3,2
09185,Neuburg-Schrobenhausen,2010,0.47084,2,3,2
09185,Neuburg-Schrobenhausen,2011,0.45607,2,3,2
09185,Neuburg-Schrobenhausen,2012,0.4589,2,3,2
09185,Neuburg-Schrobenhausen,2013,0.42738,2,3,2
09185,Neuburg-Schrobenhausen,2014,0.41978,2,3,2
09185,Neuburg-Schrobenhausen,2015,0.40801,1,2,1
09185,Neuburg-Schrobenhausen,2016,0.3884,1,2,1
09185,Neuburg-Schrobenhausen,2017,0.42606,2,3,2
09185,Neuburg-Schrobenhausen,2018,0.42325,2,3,2
09185,Neuburg-Schrobenhausen,2019,0.41639,2,3,2
09185,Neuburg-Schrobenhausen,2020,0.39431,1,2,1
09185,Neuburg-Schrobenhausen,2021,0.37721,1,2,1
09186,Pfaffenhofen a.d.Ilm,1998,0.34383,1,1,1
09186,Pfaffenhofen a.d.Ilm,1999,0.32484,1,1,1
09186,Pfaffenhofen a.d.Ilm,2000,0.32943,1,2,1
09186,Pfaffenhofen a.d.Ilm,2001,0.3358,1,2,1
09186,Pfaffenhofen a.d.Ilm,2002,0.36853,1,2,1
09186,Pfaffenhofen a.d.Ilm,2003,0.37011,1,2,1
09186,Pfaffenhofen a.d.Ilm,2004,0.36284,1,2,1
09186,Pfaffenhofen a.d.Ilm,2005,0.34881,1,2,1
09186,Pfaffenhofen a.d.Ilm,2006,0.32948,1,1,1
09186,Pfaffenhofen a.d.Ilm,2007,0.35589,1,2,1
09186,Pfaffenhofen a.d.Ilm,2008,0.41961,1,2,1
09186,Pfaffenhofen a.d.Ilm,2009,0.38773,1,2,1
09186,Pfaffenhofen a.d.Ilm,2010,0.32584,1,1,1
09186,Pfaffenhofen a.d.Ilm,2011,0.32423,1,1,1
09186,Pfaffenhofen a.d.Ilm,2012,0.2928,1,1,1
09186,Pfaffenhofen a.d.Ilm,2013,0.31426,1,1,1
09186,Pfaffenhofen a.d.Ilm,2014,0.28015,1,1,1
09186,Pfaffenhofen a.d.Ilm,2015,0.27733,1,1,1
09186,Pfaffenhofen a.d.Ilm,2016,0.25833,1,1,1
09186,Pfaffenhofen a.d.Ilm,2017,0.27899,1,1,1
09186,Pfaffenhofen a.d.Ilm,2018,0.27543,1,1,1
09186,Pfaffenhofen a.d.Ilm,2019,0.29665,1,1,1
09186,Pfaffenhofen a.d.Ilm,2020,0.28731,1,1,1
09186,Pfaffenhofen a.d.Ilm,2021,0.31039,1,1,1
09187,Rosenheim,1998,0.34623,1,1,1
09187,Rosenheim,1999,0.35501,1,2,1
09187,Rosenheim,2000,0.30081,1,2,1
09187,Rosenheim,2001,0.33725,1,2,1
09187,Rosenheim,2002,0.36395,1,2,1
09187,Rosenheim,2003,0.35898,1,2,1
09187,Rosenheim,2004,0.33651,1,2,1
09187,Rosenheim,2005,0.34018,1,2,1
09187,Rosenheim,2006,0.3262,1,1,1
09187,Rosenheim,2007,0.32635,1,1,1
09187,Rosenheim,2008,0.37895,1,1,1
09187,Rosenheim,2009,0.38925,1,2,1
09187,Rosenheim,2010,0.40855,1,2,1
09187,Rosenheim,2011,0.38505,1,2,1
09187,Rosenheim,2012,0.37325,1,2,1
09187,Rosenheim,2013,0.3654,1,2,1
09187,Rosenheim,2014,0.35111,1,1,1
09187,Rosenheim,2015,0.34237,1,1,1
09187,Rosenheim,2016,0.32125,1,1,1
09187,Rosenheim,2017,0.31704,1,1,1
09187,Rosenheim,2018,0.33533,1,1,1
09187,Rosenheim,2019,0.33021,1,1,1
09187,Rosenheim,2020,0.3467,1,2,1
09187,Rosenheim,2021,0.33408,1,2,1
09188,Starnberg,1998,0.07877,1,1,1
09188,Starnberg,1999,0.07065,1,1,1
09188,Starnberg,2000,0.03042,1,1,1
09188,Starnberg,2001,0.03505,1,1,1
09188,Starnberg,2002,0.01577,1,1,1
09188,Starnberg,2003,0.04312,1,1,1
09188,Starnberg,2004,0,1,1,1
09188,Starnberg,2005,0.00636,1,1,1
09188,Starnberg,2006,0.00235,1,1,1
09188,Starnberg,2007,0.02672,1,1,1
09188,Starnberg,2008,0.07636,1,1,1
09188,Starnberg,2009,0.06793,1,1,1
09188,Starnberg,2010,0.07493,1,1,1
09188,Starnberg,2011,0.05979,1,1,1
09188,Starnberg,2012,0.03494,1,1,1
09188,Starnberg,2013,0.04887,1,1,1
09188,Starnberg,2014,0.02408,1,1,1
09188,Starnberg,2015,0.03393,1,1,1
09188,Starnberg,2016,0.03029,1,1,1
09188,Starnberg,2017,0.03282,1,1,1
09188,Starnberg,2018,0.02154,1,1,1
09188,Starnberg,2019,0.05772,1,1,1
09188,Starnberg,2020,0.06118,1,1,1
09188,Starnberg,2021,0.04874,1,1,1
09189,Traunstein,1998,0.38716,1,2,1
09189,Traunstein,1999,0.37405,1,2,1
09189,Traunstein,2000,0.34851,1,2,1
09189,Traunstein,2001,0.40632,2,3,2
09189,Traunstein,2002,0.41464,2,3,2
09189,Traunstein,2003,0.40801,2,3,2
09189,Traunstein,2004,0.39426,2,3,2
09189,Traunstein,2005,0.40154,1,2,1
09189,Traunstein,2006,0.40496,1,2,1
09189,Traunstein,2007,0.41228,1,2,1
09189,Traunstein,2008,0.44838,1,2,1
09189,Traunstein,2009,0.44588,1,2,1
09189,Traunstein,2010,0.4294,1,2,1
09189,Traunstein,2011,0.43479,2,3,2
09189,Traunstein,2012,0.40874,1,2,1
09189,Traunstein,2013,0.40257,1,2,1
09189,Traunstein,2014,0.39652,1,2,1
09189,Traunstein,2015,0.40452,1,2,1
09189,Traunstein,2016,0.37185,1,2,1
09189,Traunstein,2017,0.37563,1,2,1
09189,Traunstein,2018,0.38246,1,2,1
09189,Traunstein,2019,0.37184,1,2,1
09189,Traunstein,2020,0.37733,1,2,1
09189,Traunstein,2021,0.36284,1,2,1
09190,Weilheim-Schongau,1998,0.35826,1,2,1
09190,Weilheim-Schongau,1999,0.34722,1,2,1
09190,Weilheim-Schongau,2000,0.32331,1,2,1
09190,Weilheim-Schongau,2001,0.3592,1,2,1
09190,Weilheim-Schongau,2002,0.36929,1,2,1
09190,Weilheim-Schongau,2003,0.3601,1,2,1
09190,Weilheim-Schongau,2004,0.35827,1,2,1
09190,Weilheim-Schongau,2005,0.36384,1,2,1
09190,Weilheim-Schongau,2006,0.383,1,2,1
09190,Weilheim-Schongau,2007,0.36157,1,2,1
09190,Weilheim-Schongau,2008,0.39967,1,2,1
09190,Weilheim-Schongau,2009,0.3773,1,2,1
09190,Weilheim-Schongau,2010,0.36994,1,1,1
09190,Weilheim-Schongau,2011,0.3785,1,2,1
09190,Weilheim-Schongau,2012,0.36505,1,2,1
09190,Weilheim-Schongau,2013,0.36089,1,2,1
09190,Weilheim-Schongau,2014,0.3655,1,2,1
09190,Weilheim-Schongau,2015,0.36574,1,2,1
09190,Weilheim-Schongau,2016,0.32639,1,1,1
09190,Weilheim-Schongau,2017,0.34142,1,1,1
09190,Weilheim-Schongau,2018,0.36054,1,2,1
09190,Weilheim-Schongau,2019,0.35599,1,2,1
09190,Weilheim-Schongau,2020,0.34683,1,2,1
09190,Weilheim-Schongau,2021,0.33108,1,2,1
09261,"Landshut, Stadt",1998,0.45511,2,3,2
09261,"Landshut, Stadt",1999,0.43104,2,3,2
09261,"Landshut, Stadt",2000,0.35216,1,2,1
09261,"Landshut, Stadt",2001,0.36123,1,2,1
09261,"Landshut, Stadt",2002,0.40426,2,3,2
09261,"Landshut, Stadt",2003,0.36983,1,2,1
09261,"Landshut, Stadt",2004,0.36047,1,2,1
09261,"Landshut, Stadt",2005,0.38996,1,2,1
09261,"Landshut, Stadt",2006,0.42553,2,3,2
09261,"Landshut, Stadt",2007,0.41623,1,2,1
09261,"Landshut, Stadt",2008,0.45436,1,2,1
09261,"Landshut, Stadt",2009,0.42395,1,2,1
09261,"Landshut, Stadt",2010,0.45356,2,3,2
09261,"Landshut, Stadt",2011,0.44207,2,3,2
09261,"Landshut, Stadt",2012,0.41755,2,3,2
09261,"Landshut, Stadt",2013,0.39009,1,2,1
09261,"Landshut, Stadt",2014,0.42593,2,3,2
09261,"Landshut, Stadt",2015,0.40864,1,2,1
09261,"Landshut, Stadt",2016,0.38577,1,2,1
09261,"Landshut, Stadt",2017,0.37997,1,2,1
09261,"Landshut, Stadt",2018,0.38142,1,2,1
09261,"Landshut, Stadt",2019,0.41802,2,3,2
09261,"Landshut, Stadt",2020,0.41209,2,3,2
09261,"Landshut, Stadt",2021,0.37363,1,2,1
09262,"Passau, Stadt",1998,0.47818,2,4,2
09262,"Passau, Stadt",1999,0.45127,2,3,2
09262,"Passau, Stadt",2000,0.40649,2,3,2
09262,"Passau, Stadt",2001,0.38161,2,3,2
09262,"Passau, Stadt",2002,0.43658,2,3,2
09262,"Passau, Stadt",2003,0.44937,2,3,2
09262,"Passau, Stadt",2004,0.41629,2,3,2
09262,"Passau, Stadt",2005,0.47961,2,4,2
09262,"Passau, Stadt",2006,0.50305,2,4,2
09262,"Passau, Stadt",2007,0.48176,2,4,2
09262,"Passau, Stadt",2008,0.54585,2,4,2
09262,"Passau, Stadt",2009,0.52786,2,4,2
09262,"Passau, Stadt",2010,0.53708,2,4,2
09262,"Passau, Stadt",2011,0.52974,2,4,2
09262,"Passau, Stadt",2012,0.4682,2,3,2
09262,"Passau, Stadt",2013,0.46759,2,3,2
09262,"Passau, Stadt",2014,0.48121,2,3,2
09262,"Passau, Stadt",2015,0.50047,2,4,2
09262,"Passau, Stadt",2016,0.49005,2,4,2
09262,"Passau, Stadt",2017,0.48787,2,4,2
09262,"Passau, Stadt",2018,0.5093,3,5,2
09262,"Passau, Stadt",2019,0.52016,3,5,2
09262,"Passau, Stadt",2020,0.49394,2,4,2
09262,"Passau, Stadt",2021,0.47725,2,4,2
09263,Straubing,1998,0.60463,4,7,2
09263,Straubing,1999,0.56751,3,6,2
09263,Straubing,2000,0.51378,3,6,2
09263,Straubing,2001,0.55964,4,7,2
09263,Straubing,2002,0.55024,3,6,2
09263,Straubing,2003,0.53136,3,5,2
09263,Straubing,2004,0.53145,3,6,2
09263,Straubing,2005,0.57303,3,6,2
09263,Straubing,2006,0.59099,3,6,2
09263,Straubing,2007,0.54951,3,5,2
09263,Straubing,2008,0.64033,3,6,2
09263,Straubing,2009,0.6183,3,6,2
09263,Straubing,2010,0.62184,3,6,2
09263,Straubing,2011,0.59338,3,6,2
09263,Straubing,2012,0.56612,3,6,2
09263,Straubing,2013,0.58118,3,6,2
09263,Straubing,2014,0.57572,3,6,2
09263,Straubing,2015,0.616,4,7,2
09263,Straubing,2016,0.59391,4,7,2
09263,Straubing,2017,0.59302,3,6,2
09263,Straubing,2018,0.61567,4,7,2
09263,Straubing,2019,0.59203,3,6,2
09263,Straubing,2020,0.60579,4,7,2
09263,Straubing,2021,0.62687,4,8,2
09271,Deggendorf,1998,0.48786,2,4,2
09271,Deggendorf,1999,0.49464,2,4,2
09271,Deggendorf,2000,0.47409,3,5,2
09271,Deggendorf,2001,0.48671,3,5,2
09271,Deggendorf,2002,0.55621,3,6,2
09271,Deggendorf,2003,0.53541,3,6,2
09271,Deggendorf,2004,0.5303,3,6,2
09271,Deggendorf,2005,0.52448,3,5,2
09271,Deggendorf,2006,0.53265,3,5,2
09271,Deggendorf,2007,0.50775,2,4,2
09271,Deggendorf,2008,0.57,2,4,2
09271,Deggendorf,2009,0.54275,2,4,2
09271,Deggendorf,2010,0.55545,3,5,2
09271,Deggendorf,2011,0.51472,2,4,2
09271,Deggendorf,2012,0.4935,2,4,2
09271,Deggendorf,2013,0.49975,2,4,2
09271,Deggendorf,2014,0.49425,2,3,2
09271,Deggendorf,2015,0.48053,2,4,2
09271,Deggendorf,2016,0.4756,2,4,2
09271,Deggendorf,2017,0.49458,2,4,2
09271,Deggendorf,2018,0.44892,2,3,2
09271,Deggendorf,2019,0.458,2,3,2
09271,Deggendorf,2020,0.45427,2,3,2
09271,Deggendorf,2021,0.43688,2,3,2
09272,Freyung-Grafenau,1998,0.64638,4,7,2
09272,Freyung-Grafenau,1999,0.61555,4,7,2
09272,Freyung-Grafenau,2000,0.56088,4,7,2
09272,Freyung-Grafenau,2001,0.56119,4,7,2
09272,Freyung-Grafenau,2002,0.6612,4,8,2
09272,Freyung-Grafenau,2003,0.68534,4,8,2
09272,Freyung-Grafenau,2004,0.66027,4,8,2
09272,Freyung-Grafenau,2005,0.67444,4,8,2
09272,Freyung-Grafenau,2006,0.66633,4,8,2
09272,Freyung-Grafenau,2007,0.63052,4,7,2
09272,Freyung-Grafenau,2008,0.7049,4,7,2
09272,Freyung-Grafenau,2009,0.69748,4,8,2
09272,Freyung-Grafenau,2010,0.68602,4,8,2
09272,Freyung-Grafenau,2011,0.68398,4,8,2
09272,Freyung-Grafenau,2012,0.61941,4,7,2
09272,Freyung-Grafenau,2013,0.60565,3,6,2
09272,Freyung-Grafenau,2014,0.6275,4,7,2
09272,Freyung-Grafenau,2015,0.57746,3,6,2
09272,Freyung-Grafenau,2016,0.55568,3,6,2
09272,Freyung-Grafenau,2017,0.54697,3,5,2
09272,Freyung-Grafenau,2018,0.54946,3,5,2
09272,Freyung-Grafenau,2019,0.54522,3,5,2
09272,Freyung-Grafenau,2020,0.51926,3,5,2
09272,Freyung-Grafenau,2021,0.49256,3,5,2
09273,Kelheim,1998,0.49965,2,4,2
09273,Kelheim,1999,0.4673,2,4,2
09273,Kelheim,2000,0.45831,2,4,2
09273,Kelheim,2001,0.48072,3,5,2
09273,Kelheim,2002,0.48173,2,4,2
09273,Kelheim,2003,0.44396,2,3,2
09273,Kelheim,2004,0.46209,2,4,2
09273,Kelheim,2005,0.44385,2,3,2
09273,Kelheim,2006,0.44144,2,3,2
09273,Kelheim,2007,0.47662,2,3,2
09273,Kelheim,2008,0.48538,2,3,2
09273,Kelheim,2009,0.4987,2,3,2
09273,Kelheim,2010,0.50009,2,3,2
09273,Kelheim,2011,0.48247,2,3,2
09273,Kelheim,2012,0.47488,2,3,2
09273,Kelheim,2013,0.46237,2,3,2
09273,Kelheim,2014,0.45533,2,3,2
09273,Kelheim,2015,0.45628,2,3,2
09273,Kelheim,2016,0.43863,2,3,2
09273,Kelheim,2017,0.46327,2,3,2
09273,Kelheim,2018,0.47196,2,3,2
09273,Kelheim,2019,0.46143,2,3,2
09273,Kelheim,2020,0.45175,2,3,2
09273,Kelheim,2021,0.43395,2,3,2
09274,Landshut,1998,0.36178,1,2,1
09274,Landshut,1999,0.34928,1,2,1
09274,Landshut,2000,0.32747,1,2,1
09274,Landshut,2001,0.35509,1,2,1
09274,Landshut,2002,0.37757,1,2,1
09274,Landshut,2003,0.39724,2,3,2
09274,Landshut,2004,0.38411,1,2,1
09274,Landshut,2005,0.4116,2,3,2
09274,Landshut,2006,0.3876,1,2,1
09274,Landshut,2007,0.37458,1,2,1
09274,Landshut,2008,0.42846,1,2,1
09274,Landshut,2009,0.42844,1,2,1
09274,Landshut,2010,0.4143,1,2,1
09274,Landshut,2011,0.40023,1,2,1
09274,Landshut,2012,0.35718,1,1,1
09274,Landshut,2013,0.3753,1,2,1
09274,Landshut,2014,0.38963,1,2,1
09274,Landshut,2015,0.37705,1,2,1
09274,Landshut,2016,0.36025,1,2,1
09274,Landshut,2017,0.35856,1,2,1
09274,Landshut,2018,0.37003,1,2,1
09274,Landshut,2019,0.37501,1,2,1
09274,Landshut,2020,0.36755,1,2,1
09274,Landshut,2021,0.35043,1,2,1
09275,Passau,1998,0.57167,3,6,2
09275,Passau,1999,0.57916,3,6,2
09275,Passau,2000,0.51499,3,6,2
09275,Passau,2001,0.54313,4,7,2
09275,Passau,2002,0.6182,4,8,2
09275,Passau,2003,0.56841,4,7,2
09275,Passau,2004,0.55322,3,6,2
09275,Passau,2005,0.57309,3,6,2
09275,Passau,2006,0.56813,3,6,2
09275,Passau,2007,0.5625,3,5,2
09275,Passau,2008,0.61599,3,6,2
09275,Passau,2009,0.5976,3,6,2
09275,Passau,2010,0.60385,3,6,2
09275,Passau,2011,0.60003,3,6,2
09275,Passau,2012,0.56295,3,6,2
09275,Passau,2013,0.55579,3,5,2
09275,Passau,2014,0.55521,3,5,2
09275,Passau,2015,0.54193,3,5,2
09275,Passau,2016,0.52845,3,5,2
09275,Passau,2017,0.5407,3,5,2
09275,Passau,2018,0.5495,3,5,2
09275,Passau,2019,0.52959,3,5,2
09275,Passau,2020,0.51705,3,5,2
09275,Passau,2021,0.49726,3,5,2
09276,Regen,1998,0.61507,4,7,2
09276,Regen,1999,0.60434,4,7,2
09276,Regen,2000,0.52565,3,6,2
09276,Regen,2001,0.54221,4,7,2
09276,Regen,2002,0.62597,4,8,2
09276,Regen,2003,0.62149,4,7,2
09276,Regen,2004,0.63203,4,8,2
09276,Regen,2005,0.6153,4,7,2
09276,Regen,2006,0.63665,4,7,2
09276,Regen,2007,0.60004,3,6,2
09276,Regen,2008,0.68753,4,7,2
09276,Regen,2009,0.68339,4,8,2
09276,Regen,2010,0.66944,4,7,2
09276,Regen,2011,0.61836,3,6,2
09276,Regen,2012,0.56376,3,6,2
09276,Regen,2013,0.57188,3,6,2
09276,Regen,2014,0.5557,3,5,2
09276,Regen,2015,0.57451,3,6,2
09276,Regen,2016,0.54885,3,6,2
09276,Regen,2017,0.57595,3,6,2
09276,Regen,2018,0.54567,3,5,2
09276,Regen,2019,0.51632,3,5,2
09276,Regen,2020,0.54103,3,5,2
09276,Regen,2021,0.53265,3,6,2
09277,Rottal-Inn,1998,0.50577,2,4,2
09277,Rottal-Inn,1999,0.54198,3,5,2
09277,Rottal-Inn,2000,0.45994,2,4,2
09277,Rottal-Inn,2001,0.52127,3,6,2
09277,Rottal-Inn,2002,0.53469,3,5,2
09277,Rottal-Inn,2003,0.5562,3,6,2
09277,Rottal-Inn,2004,0.55842,4,7,2
09277,Rottal-Inn,2005,0.56183,3,6,2
09277,Rottal-Inn,2006,0.56313,3,6,2
09277,Rottal-Inn,2007,0.56712,3,6,2
09277,Rottal-Inn,2008,0.62483,3,6,2
09277,Rottal-Inn,2009,0.59449,3,6,2
09277,Rottal-Inn,2010,0.56898,3,5,2
09277,Rottal-Inn,2011,0.5753,3,5,2
09277,Rottal-Inn,2012,0.54052,3,5,2
09277,Rottal-Inn,2013,0.52148,2,4,2
09277,Rottal-Inn,2014,0.54101,3,5,2
09277,Rottal-Inn,2015,0.51898,2,4,2
09277,Rottal-Inn,2016,0.49962,3,5,2
09277,Rottal-Inn,2017,0.51415,3,5,2
09277,Rottal-Inn,2018,0.53098,3,5,2
09277,Rottal-Inn,2019,0.51489,3,5,2
09277,Rottal-Inn,2020,0.50306,2,4,2
09277,Rottal-Inn,2021,0.48394,2,4,2
09278,Straubing-Bogen,1998,0.49131,2,4,2
09278,Straubing-Bogen,1999,0.46751,2,4,2
09278,Straubing-Bogen,2000,0.43125,2,4,2
09278,Straubing-Bogen,2001,0.47882,3,5,2
09278,Straubing-Bogen,2002,0.4995,3,5,2
09278,Straubing-Bogen,2003,0.5102,3,5,2
09278,Straubing-Bogen,2004,0.46347,2,4,2
09278,Straubing-Bogen,2005,0.48443,2,4,2
09278,Straubing-Bogen,2006,0.46987,2,3,2
09278,Straubing-Bogen,2007,0.49519,2,4,2
09278,Straubing-Bogen,2008,0.53707,2,4,2
09278,Straubing-Bogen,2009,0.539,2,4,2
09278,Straubing-Bogen,2010,0.55251,3,5,2
09278,Straubing-Bogen,2011,0.51579,2,4,2
09278,Straubing-Bogen,2012,0.48218,2,4,2
09278,Straubing-Bogen,2013,0.44764,2,3,2
09278,Straubing-Bogen,2014,0.47542,2,3,2
09278,Straubing-Bogen,2015,0.45172,2,3,2
09278,Straubing-Bogen,2016,0.45464,2,3,2
09278,Straubing-Bogen,2017,0.45968,2,3,2
09278,Straubing-Bogen,2018,0.43986,2,3,2
09278,Straubing-Bogen,2019,0.44269,2,3,2
09278,Straubing-Bogen,2020,0.46865,2,4,2
09278,Straubing-Bogen,2021,0.43097,2,3,2
09279,Dingolfing-Landau,1998,0.41252,2,3,2
09279,Dingolfing-Landau,1999,0.40575,2,3,2
09279,Dingolfing-Landau,2000,0.39567,2,3,2
09279,Dingolfing-Landau,2001,0.40306,2,3,2
09279,Dingolfing-Landau,2002,0.42466,2,3,2
09279,Dingolfing-Landau,2003,0.41912,2,3,2
09279,Dingolfing-Landau,2004,0.41987,2,3,2
09279,Dingolfing-Landau,2005,0.41215,2,3,2
09279,Dingolfing-Landau,2006,0.39611,1,2,1
09279,Dingolfing-Landau,2007,0.39447,1,2,1
09279,Dingolfing-Landau,2008,0.47563,2,3,2
09279,Dingolfing-Landau,2009,0.44598,2,3,2
09279,Dingolfing-Landau,2010,0.45448,2,3,2
09279,Dingolfing-Landau,2011,0.44891,2,3,2
09279,Dingolfing-Landau,2012,0.39386,1,2,1
09279,Dingolfing-Landau,2013,0.41004,1,2,1
09279,Dingolfing-Landau,2014,0.41343,1,2,1
09279,Dingolfing-Landau,2015,0.36679,1,2,1
09279,Dingolfing-Landau,2016,0.35065,1,2,1
09279,Dingolfing-Landau,2017,0.36518,1,2,1
09279,Dingolfing-Landau,2018,0.35538,1,2,1
09279,Dingolfing-Landau,2019,0.36529,1,2,1
09279,Dingolfing-Landau,2020,0.38238,1,2,1
09279,Dingolfing-Landau,2021,0.37765,1,2,1
09361,Amberg,1998,0.62872,4,7,2
09361,Amberg,1999,0.62042,4,7,2
09361,Amberg,2000,0.55952,4,7,2
09361,Amberg,2001,0.59842,4,8,2
09361,Amberg,2002,0.62092,4,8,2
09361,Amberg,2003,0.62931,4,8,2
09361,Amberg,2004,0.60491,4,7,2
09361,Amberg,2005,0.56001,3,6,2
09361,Amberg,2006,0.60712,4,7,2
09361,Amberg,2007,0.54597,3,5,2
09361,Amberg,2008,0.63258,3,6,2
09361,Amberg,2009,0.61834,3,6,2
09361,Amberg,2010,0.59474,3,6,2
09361,Amberg,2011,0.57378,3,5,2
09361,Amberg,2012,0.53692,3,5,2
09361,Amberg,2013,0.5846,3,6,2
09361,Amberg,2014,0.5356,3,5,2
09361,Amberg,2015,0.52657,3,5,2
09361,Amberg,2016,0.55135,3,6,2
09361,Amberg,2017,0.5532,3,5,2
09361,Amberg,2018,0.53591,3,5,2
09361,Amberg,2019,0.523,3,5,2
09361,Amberg,2020,0.53631,3,5,2
09361,Amberg,2021,0.53101,3,6,2
09362,"Regensburg, Stadt",1998,0.35927,1,2,1
09362,"Regensburg, Stadt",1999,0.35993000000000003,1,2,1
09362,"Regensburg, Stadt",2000,0.31065,1,2,1
09362,"Regensburg, Stadt",2001,0.35333,1,2,1
09362,"Regensburg, Stadt",2002,0.35116000000000003,1,2,1
09362,"Regensburg, Stadt",2003,0.34438,1,2,1
09362,"Regensburg, Stadt",2004,0.32172,1,2,1
09362,"Regensburg, Stadt",2005,0.33143,1,1,1
09362,"Regensburg, Stadt",2006,0.33437,1,1,1
09362,"Regensburg, Stadt",2007,0.31329,1,1,1
09362,"Regensburg, Stadt",2008,0.35905,1,1,1
09362,"Regensburg, Stadt",2009,0.35031,1,1,1
09362,"Regensburg, Stadt",2010,0.35537,1,1,1
09362,"Regensburg, Stadt",2011,0.33042,1,1,1
09362,"Regensburg, Stadt",2012,0.30929,1,1,1
09362,"Regensburg, Stadt",2013,0.31995,1,1,1
09362,"Regensburg, Stadt",2014,0.30502,1,1,1
09362,"Regensburg, Stadt",2015,0.28143,1,1,1
09362,"Regensburg, Stadt",2016,0.26429,1,1,1
09362,"Regensburg, Stadt",2017,0.2569,1,1,1
09362,"Regensburg, Stadt",2018,0.27076,1,1,1
09362,"Regensburg, Stadt",2019,0.30897,1,1,1
09362,"Regensburg, Stadt",2020,0.28761,1,1,1
09362,"Regensburg, Stadt",2021,0.27998,1,1,1
09363,Weiden i.d.OPf.,1998,0.6231,4,7,2
09363,Weiden i.d.OPf.,1999,0.58752,4,7,2
09363,Weiden i.d.OPf.,2000,0.48588,3,5,2
09363,Weiden i.d.OPf.,2001,0.52616,3,6,2
09363,Weiden i.d.OPf.,2002,0.53651,3,6,2
09363,Weiden i.d.OPf.,2003,0.57561,4,7,2
09363,Weiden i.d.OPf.,2004,0.55636,4,7,2
09363,Weiden i.d.OPf.,2005,0.60245,4,7,2
09363,Weiden i.d.OPf.,2006,0.60713,4,7,2
09363,Weiden i.d.OPf.,2007,0.62503,4,7,2
09363,Weiden i.d.OPf.,2008,0.67243,4,7,2
09363,Weiden i.d.OPf.,2009,0.67965,4,7,2
09363,Weiden i.d.OPf.,2010,0.66594,4,7,2
09363,Weiden i.d.OPf.,2011,0.68693,4,8,2
09363,Weiden i.d.OPf.,2012,0.6355,4,7,2
09363,Weiden i.d.OPf.,2013,0.6547,4,7,2
09363,Weiden i.d.OPf.,2014,0.66224,4,7,2
09363,Weiden i.d.OPf.,2015,0.60873,3,6,2
09363,Weiden i.d.OPf.,2016,0.57891,3,6,2
09363,Weiden i.d.OPf.,2017,0.61009,4,7,2
09363,Weiden i.d.OPf.,2018,0.61982,4,7,2
09363,Weiden i.d.OPf.,2019,0.60632,4,7,2
09363,Weiden i.d.OPf.,2020,0.59367,3,6,2
09363,Weiden i.d.OPf.,2021,0.5504,3,6,2
09371,Amberg-Sulzbach,1998,0.51468,2,4,2
09371,Amberg-Sulzbach,1999,0.50833,2,4,2
09371,Amberg-Sulzbach,2000,0.47514,3,5,2
09371,Amberg-Sulzbach,2001,0.48587,3,5,2
09371,Amberg-Sulzbach,2002,0.48801,2,4,2
09371,Amberg-Sulzbach,2003,0.52894,3,5,2
09371,Amberg-Sulzbach,2004,0.48803,2,4,2
09371,Amberg-Sulzbach,2005,0.50864,2,4,2
09371,Amberg-Sulzbach,2006,0.49105,2,4,2
09371,Amberg-Sulzbach,2007,0.46414,2,3,2
09371,Amberg-Sulzbach,2008,0.54783,2,4,2
09371,Amberg-Sulzbach,2009,0.5529,3,5,2
09371,Amberg-Sulzbach,2010,0.53473,2,4,2
09371,Amberg-Sulzbach,2011,0.52519,2,4,2
09371,Amberg-Sulzbach,2012,0.45876,2,3,2
09371,Amberg-Sulzbach,2013,0.46,2,3,2
09371,Amberg-Sulzbach,2014,0.4521,2,3,2
09371,Amberg-Sulzbach,2015,0.44026,2,3,2
09371,Amberg-Sulzbach,2016,0.43902,2,3,2
09371,Amberg-Sulzbach,2017,0.43862,2,3,2
09371,Amberg-Sulzbach,2018,0.45505,2,3,2
09371,Amberg-Sulzbach,2019,0.43657,2,3,2
09371,Amberg-Sulzbach,2020,0.44268,2,3,2
09371,Amberg-Sulzbach,2021,0.41923,2,3,2
09372,Cham,1998,0.55227,3,5,2
09372,Cham,1999,0.52384,3,5,2
09372,Cham,2000,0.48741,3,5,2
09372,Cham,2001,0.51486,3,6,2
09372,Cham,2002,0.58176,4,7,2
09372,Cham,2003,0.57214,4,7,2
09372,Cham,2004,0.56185,4,7,2
09372,Cham,2005,0.57392,3,6,2
09372,Cham,2006,0.59605,4,7,2
09372,Cham,2007,0.56161,3,5,2
09372,Cham,2008,0.61457,3,6,2
09372,Cham,2009,0.60233,3,6,2
09372,Cham,2010,0.59028,3,6,2
09372,Cham,2011,0.56798,3,5,2
09372,Cham,2012,0.52242,3,5,2
09372,Cham,2013,0.52268,2,4,2
09372,Cham,2014,0.52301,2,4,2
09372,Cham,2015,0.52651,3,5,2
09372,Cham,2016,0.48529,2,4,2
09372,Cham,2017,0.52151,3,5,2
09372,Cham,2018,0.4941,2,4,2
09372,Cham,2019,0.49385,2,4,2
09372,Cham,2020,0.49908,2,4,2
09372,Cham,2021,0.46434,2,4,2
09373,Neumarkt i.d.OPf.,1998,0.44983,2,3,2
09373,Neumarkt i.d.OPf.,1999,0.4168,2,3,2
09373,Neumarkt i.d.OPf.,2000,0.38428,2,3,2
09373,Neumarkt i.d.OPf.,2001,0.44398,2,4,2
09373,Neumarkt i.d.OPf.,2002,0.44035,2,3,2
09373,Neumarkt i.d.OPf.,2003,0.44796,2,3,2
09373,Neumarkt i.d.OPf.,2004,0.4403,2,3,2
09373,Neumarkt i.d.OPf.,2005,0.46237,2,3,2
09373,Neumarkt i.d.OPf.,2006,0.43755,2,3,2
09373,Neumarkt i.d.OPf.,2007,0.45055,2,3,2
09373,Neumarkt i.d.OPf.,2008,0.47574,2,3,2
09373,Neumarkt i.d.OPf.,2009,0.46495,2,3,2
09373,Neumarkt i.d.OPf.,2010,0.4701,2,3,2
09373,Neumarkt i.d.OPf.,2011,0.44848,2,3,2
09373,Neumarkt i.d.OPf.,2012,0.42798,2,3,2
09373,Neumarkt i.d.OPf.,2013,0.40741,1,2,1
09373,Neumarkt i.d.OPf.,2014,0.41794,1,2,1
09373,Neumarkt i.d.OPf.,2015,0.39152,1,2,1
09373,Neumarkt i.d.OPf.,2016,0.35935,1,2,1
09373,Neumarkt i.d.OPf.,2017,0.3591,1,2,1
09373,Neumarkt i.d.OPf.,2018,0.36946,1,2,1
09373,Neumarkt i.d.OPf.,2019,0.37188,1,2,1
09373,Neumarkt i.d.OPf.,2020,0.37213,1,2,1
09373,Neumarkt i.d.OPf.,2021,0.36002,1,2,1
09374,Neustadt a.d.Waldnaab,1998,0.53406,3,5,2
09374,Neustadt a.d.Waldnaab,1999,0.52707,3,5,2
09374,Neustadt a.d.Waldnaab,2000,0.46108,3,5,2
09374,Neustadt a.d.Waldnaab,2001,0.50452,3,6,2
09374,Neustadt a.d.Waldnaab,2002,0.57384,4,7,2
09374,Neustadt a.d.Waldnaab,2003,0.54235,3,6,2
09374,Neustadt a.d.Waldnaab,2004,0.50549,3,5,2
09374,Neustadt a.d.Waldnaab,2005,0.57001,3,6,2
09374,Neustadt a.d.Waldnaab,2006,0.5793,3,6,2
09374,Neustadt a.d.Waldnaab,2007,0.56699,3,6,2
09374,Neustadt a.d.Waldnaab,2008,0.65312,4,7,2
09374,Neustadt a.d.Waldnaab,2009,0.627,4,7,2
09374,Neustadt a.d.Waldnaab,2010,0.61862,3,6,2
09374,Neustadt a.d.Waldnaab,2011,0.61542,3,6,2
09374,Neustadt a.d.Waldnaab,2012,0.56233,3,5,2
09374,Neustadt a.d.Waldnaab,2013,0.54513,3,5,2
09374,Neustadt a.d.Waldnaab,2014,0.55911,3,5,2
09374,Neustadt a.d.Waldnaab,2015,0.54551,3,5,2
09374,Neustadt a.d.Waldnaab,2016,0.49401,3,5,2
09374,Neustadt a.d.Waldnaab,2017,0.55778,3,6,2
09374,Neustadt a.d.Waldnaab,2018,0.5376,3,5,2
09374,Neustadt a.d.Waldnaab,2019,0.50967,3,5,2
09374,Neustadt a.d.Waldnaab,2020,0.51968,3,5,2
09374,Neustadt a.d.Waldnaab,2021,0.47438,2,4,2
09375,Regensburg,1998,0.39452,1,2,1
09375,Regensburg,1999,0.39004,1,2,1
09375,Regensburg,2000,0.35042,1,2,1
09375,Regensburg,2001,0.38057,2,3,2
09375,Regensburg,2002,0.37858,1,2,1
09375,Regensburg,2003,0.38352,1,2,1
09375,Regensburg,2004,0.35613,1,2,1
09375,Regensburg,2005,0.37194,1,2,1
09375,Regensburg,2006,0.35133,1,2,1
09375,Regensburg,2007,0.36323,1,2,1
09375,Regensburg,2008,0.39914,1,2,1
09375,Regensburg,2009,0.40417,1,2,1
09375,Regensburg,2010,0.3883,1,2,1
09375,Regensburg,2011,0.38056,1,2,1
09375,Regensburg,2012,0.33778,1,1,1
09375,Regensburg,2013,0.35919,1,1,1
09375,Regensburg,2014,0.35683,1,2,1
09375,Regensburg,2015,0.34769,1,1,1
09375,Regensburg,2016,0.33363,1,2,1
09375,Regensburg,2017,0.34845,1,1,1
09375,Regensburg,2018,0.35311,1,2,1
09375,Regensburg,2019,0.3487,1,2,1
09375,Regensburg,2020,0.35578,1,2,1
09375,Regensburg,2021,0.34677,1,2,1
09376,Schwandorf,1998,0.51401,2,4,2
09376,Schwandorf,1999,0.53795,3,5,2
09376,Schwandorf,2000,0.46267,3,5,2
09376,Schwandorf,2001,0.48261,3,5,2
09376,Schwandorf,2002,0.53197,3,5,2
09376,Schwandorf,2003,0.5376,3,6,2
09376,Schwandorf,2004,0.5314,3,6,2
09376,Schwandorf,2005,0.5336,3,5,2
09376,Schwandorf,2006,0.51652,3,5,2
09376,Schwandorf,2007,0.52754,3,5,2
09376,Schwandorf,2008,0.56311,2,4,2
09376,Schwandorf,2009,0.57088,3,5,2
09376,Schwandorf,2010,0.55494,3,5,2
09376,Schwandorf,2011,0.55598,3,5,2
09376,Schwandorf,2012,0.51201,2,4,2
09376,Schwandorf,2013,0.50656,2,4,2
09376,Schwandorf,2014,0.50942,2,4,2
09376,Schwandorf,2015,0.50084,2,4,2
09376,Schwandorf,2016,0.48538,2,4,2
09376,Schwandorf,2017,0.48574,2,4,2
09376,Schwandorf,2018,0.47655,2,3,2
09376,Schwandorf,2019,0.48163,2,4,2
09376,Schwandorf,2020,0.50658,2,4,2
09376,Schwandorf,2021,0.48172,2,4,2
09377,Tirschenreuth,1998,0.52931,3,5,2
09377,Tirschenreuth,1999,0.49197,2,4,2
09377,Tirschenreuth,2000,0.48656,3,5,2
09377,Tirschenreuth,2001,0.48868,3,5,2
09377,Tirschenreuth,2002,0.55347,3,6,2
09377,Tirschenreuth,2003,0.58189,4,7,2
09377,Tirschenreuth,2004,0.52377,3,5,2
09377,Tirschenreuth,2005,0.55574,3,6,2
09377,Tirschenreuth,2006,0.56716,3,6,2
09377,Tirschenreuth,2007,0.56579,3,6,2
09377,Tirschenreuth,2008,0.61812,3,6,2
09377,Tirschenreuth,2009,0.56917,3,5,2
09377,Tirschenreuth,2010,0.57531,3,5,2
09377,Tirschenreuth,2011,0.5981,3,6,2
09377,Tirschenreuth,2012,0.54862,3,5,2
09377,Tirschenreuth,2013,0.55646,3,5,2
09377,Tirschenreuth,2014,0.52414,2,4,2
09377,Tirschenreuth,2015,0.51494,2,4,2
09377,Tirschenreuth,2016,0.49845,3,5,2
09377,Tirschenreuth,2017,0.47271,2,4,2
09377,Tirschenreuth,2018,0.49143,2,4,2
09377,Tirschenreuth,2019,0.47029,2,3,2
09377,Tirschenreuth,2020,0.45685,2,3,2
09377,Tirschenreuth,2021,0.42022,2,3,2
09461,"Bamberg, Stadt",1998,0.50342,2,4,2
09461,"Bamberg, Stadt",1999,0.45787,2,3,2
09461,"Bamberg, Stadt",2000,0.36808,2,3,2
09461,"Bamberg, Stadt",2001,0.3738,2,3,2
09461,"Bamberg, Stadt",2002,0.4494,2,3,2
09461,"Bamberg, Stadt",2003,0.40342,2,3,2
09461,"Bamberg, Stadt",2004,0.403,2,3,2
09461,"Bamberg, Stadt",2005,0.43695,2,3,2
09461,"Bamberg, Stadt",2006,0.4474,2,3,2
09461,"Bamberg, Stadt",2007,0.45426,2,3,2
09461,"Bamberg, Stadt",2008,0.49627,2,3,2
09461,"Bamberg, Stadt",2009,0.47376,2,3,2
09461,"Bamberg, Stadt",2010,0.46145,2,3,2
09461,"Bamberg, Stadt",2011,0.45915,2,3,2
09461,"Bamberg, Stadt",2012,0.44325,2,3,2
09461,"Bamberg, Stadt",2013,0.42704,2,3,2
09461,"Bamberg, Stadt",2014,0.44087,2,3,2
09461,"Bamberg, Stadt",2015,0.44873,2,3,2
09461,"Bamberg, Stadt",2016,0.4208,2,3,2
09461,"Bamberg, Stadt",2017,0.40701,1,2,1
09461,"Bamberg, Stadt",2018,0.4062,1,2,1
09461,"Bamberg, Stadt",2019,0.38586,1,2,1
09461,"Bamberg, Stadt",2020,0.39213,1,2,1
09461,"Bamberg, Stadt",2021,0.36458,1,2,1
09462,"Bayreuth, Stadt",1998,0.49898,2,4,2
09462,"Bayreuth, Stadt",1999,0.49293,2,4,2
09462,"Bayreuth, Stadt",2000,0.42677,2,4,2
09462,"Bayreuth, Stadt",2001,0.45243,2,4,2
09462,"Bayreuth, Stadt",2002,0.51212,3,5,2
09462,"Bayreuth, Stadt",2003,0.50457,2,4,2
09462,"Bayreuth, Stadt",2004,0.47849,2,4,2
09462,"Bayreuth, Stadt",2005,0.48397,2,4,2
09462,"Bayreuth, Stadt",2006,0.50698,2,4,2
09462,"Bayreuth, Stadt",2007,0.52686,2,4,2
09462,"Bayreuth, Stadt",2008,0.58297,3,5,2
09462,"Bayreuth, Stadt",2009,0.53782,2,4,2
09462,"Bayreuth, Stadt",2010,0.54305,2,4,2
09462,"Bayreuth, Stadt",2011,0.52152,2,4,2
09462,"Bayreuth, Stadt",2012,0.49959,2,4,2
09462,"Bayreuth, Stadt",2013,0.49481,2,4,2
09462,"Bayreuth, Stadt",2014,0.51037,2,4,2
09462,"Bayreuth, Stadt",2015,0.50302,2,4,2
09462,"Bayreuth, Stadt",2016,0.48046,2,4,2
09462,"Bayreuth, Stadt",2017,0.46711,2,3,2
09462,"Bayreuth, Stadt",2018,0.49192,2,4,2
09462,"Bayreuth, Stadt",2019,0.49864000000000003,2,4,2
09462,"Bayreuth, Stadt",2020,0.47,2,4,2
09462,"Bayreuth, Stadt",2021,0.44147,2,3,2
09463,"Coburg, Stadt",1998,0.46418,2,3,2
09463,"Coburg, Stadt",1999,0.42601,2,3,2
09463,"Coburg, Stadt",2000,0.38488,2,3,2
09463,"Coburg, Stadt",2001,0.42851,2,3,2
09463,"Coburg, Stadt",2002,0.49126,2,4,2
09463,"Coburg, Stadt",2003,0.48717,2,4,2
09463,"Coburg, Stadt",2004,0.43498,2,3,2
09463,"Coburg, Stadt",2005,0.43687,2,3,2
09463,"Coburg, Stadt",2006,0.48371,2,4,2
09463,"Coburg, Stadt",2007,0.45362,2,3,2
09463,"Coburg, Stadt",2008,0.47587,2,3,2
09463,"Coburg, Stadt",2009,0.46799,2,3,2
09463,"Coburg, Stadt",2010,0.43771,1,2,1
09463,"Coburg, Stadt",2011,0.42665,2,3,2
09463,"Coburg, Stadt",2012,0.39436,1,2,1
09463,"Coburg, Stadt",2013,0.38931,1,2,1
09463,"Coburg, Stadt",2014,0.39099,1,2,1
09463,"Coburg, Stadt",2015,0.34801,1,1,1
09463,"Coburg, Stadt",2016,0.34062,1,2,1
09463,"Coburg, Stadt",2017,0.36434,1,2,1
09463,"Coburg, Stadt",2018,0.35649,1,2,1
09463,"Coburg, Stadt",2019,0.37122,1,2,1
09463,"Coburg, Stadt",2020,0.34027,1,1,1
09463,"Coburg, Stadt",2021,0.32364,1,1,1
09464,"Hof, Stadt",1998,0.76776,5,9,3
09464,"Hof, Stadt",1999,0.70762,4,8,2
09464,"Hof, Stadt",2000,0.63381,4,8,2
09464,"Hof, Stadt",2001,0.63523,4,8,2
09464,"Hof, Stadt",2002,0.68824,5,9,3
09464,"Hof, Stadt",2003,0.68538,4,8,2
09464,"Hof, Stadt",2004,0.71453,5,9,3
09464,"Hof, Stadt",2005,0.73049,5,9,3
09464,"Hof, Stadt",2006,0.74723,5,9,3
09464,"Hof, Stadt",2007,0.69738,4,8,2
09464,"Hof, Stadt",2008,0.74681,4,8,2
09464,"Hof, Stadt",2009,0.72167,4,8,2
09464,"Hof, Stadt",2010,0.71988,4,8,2
09464,"Hof, Stadt",2011,0.68194,4,8,2
09464,"Hof, Stadt",2012,0.68021,4,8,2
09464,"Hof, Stadt",2013,0.67303,4,8,2
09464,"Hof, Stadt",2014,0.70583,4,8,2
09464,"Hof, Stadt",2015,0.69172,4,8,2
09464,"Hof, Stadt",2016,0.69558,5,9,3
09464,"Hof, Stadt",2017,0.74624,5,9,3
09464,"Hof, Stadt",2018,0.73326,5,9,3
09464,"Hof, Stadt",2019,0.73176,5,9,3
09464,"Hof, Stadt",2020,0.76751,5,10,3
09464,"Hof, Stadt",2021,0.71731,5,9,3
09471,Bamberg,1998,0.50773,2,4,2
09471,Bamberg,1999,0.46547,2,3,2
09471,Bamberg,2000,0.4219,2,4,2
09471,Bamberg,2001,0.42487,2,3,2
09471,Bamberg,2002,0.48438,2,4,2
09471,Bamberg,2003,0.4581,2,4,2
09471,Bamberg,2004,0.44734,2,4,2
09471,Bamberg,2005,0.46331,2,3,2
09471,Bamberg,2006,0.46799,2,3,2
09471,Bamberg,2007,0.49384,2,4,2
09471,Bamberg,2008,0.51722,2,3,2
09471,Bamberg,2009,0.50664,2,3,2
09471,Bamberg,2010,0.50468,2,3,2
09471,Bamberg,2011,0.50419,2,4,2
09471,Bamberg,2012,0.45562,2,3,2
09471,Bamberg,2013,0.45392,2,3,2
09471,Bamberg,2014,0.47281,2,3,2
09471,Bamberg,2015,0.45241,2,3,2
09471,Bamberg,2016,0.42839,2,3,2
09471,Bamberg,2017,0.44342,2,3,2
09471,Bamberg,2018,0.46508,2,3,2
09471,Bamberg,2019,0.46143,2,3,2
09471,Bamberg,2020,0.46836,2,4,2
09471,Bamberg,2021,0.46116,2,4,2
09472,Bayreuth,1998,0.42255,2,3,2
09472,Bayreuth,1999,0.42367,2,3,2
09472,Bayreuth,2000,0.41151,2,4,2
09472,Bayreuth,2001,0.45175,2,4,2
09472,Bayreuth,2002,0.47197,2,4,2
09472,Bayreuth,2003,0.44475,2,3,2
09472,Bayreuth,2004,0.42786,2,3,2
09472,Bayreuth,2005,0.48749,2,4,2
09472,Bayreuth,2006,0.45781,2,3,2
09472,Bayreuth,2007,0.46692,2,3,2
09472,Bayreuth,2008,0.50384,2,3,2
09472,Bayreuth,2009,0.47618,2,3,2
09472,Bayreuth,2010,0.46389,2,3,2
09472,Bayreuth,2011,0.4621,2,3,2
09472,Bayreuth,2012,0.47039,2,3,2
09472,Bayreuth,2013,0.46224,2,3,2
09472,Bayreuth,2014,0.4627,2,3,2
09472,Bayreuth,2015,0.4555,2,3,2
09472,Bayreuth,2016,0.40953,2,3,2
09472,Bayreuth,2017,0.42421,2,3,2
09472,Bayreuth,2018,0.43183,2,3,2
09472,Bayreuth,2019,0.4178,2,3,2
09472,Bayreuth,2020,0.43436,2,3,2
09472,Bayreuth,2021,0.38782,1,2,1
09473,Coburg,1998,0.52239,3,5,2
09473,Coburg,1999,0.55089,3,6,2
09473,Coburg,2000,0.39441,2,3,2
09473,Coburg,2001,0.40946,2,3,2
09473,Coburg,2002,0.49981,3,5,2
09473,Coburg,2003,0.53562,3,6,2
09473,Coburg,2004,0.52178,3,5,2
09473,Coburg,2005,0.54196,3,5,2
09473,Coburg,2006,0.50048,2,4,2
09473,Coburg,2007,0.47973,2,3,2
09473,Coburg,2008,0.55144,2,4,2
09473,Coburg,2009,0.5344,2,4,2
09473,Coburg,2010,0.54385,2,4,2
09473,Coburg,2011,0.51987,2,4,2
09473,Coburg,2012,0.52886,3,5,2
09473,Coburg,2013,0.48097,2,3,2
09473,Coburg,2014,0.50784,2,4,2
09473,Coburg,2015,0.44515,2,3,2
09473,Coburg,2016,0.44715,2,3,2
09473,Coburg,2017,0.49684,2,4,2
09473,Coburg,2018,0.51105,3,5,2
09473,Coburg,2019,0.49256,2,4,2
09473,Coburg,2020,0.47902,2,4,2
09473,Coburg,2021,0.48745,3,5,2
09474,Forchheim,1998,0.39786,1,2,1
09474,Forchheim,1999,0.37659,1,2,1
09474,Forchheim,2000,0.31106,1,2,1
09474,Forchheim,2001,0.32661,1,2,1
09474,Forchheim,2002,0.35164,1,2,1
09474,Forchheim,2003,0.37071,1,2,1
09474,Forchheim,2004,0.34181,1,2,1
09474,Forchheim,2005,0.34868,1,2,1
09474,Forchheim,2006,0.36925,1,2,1
09474,Forchheim,2007,0.3808,1,2,1
09474,Forchheim,2008,0.40124,1,2,1
09474,Forchheim,2009,0.37672,1,1,1
09474,Forchheim,2010,0.38825,1,2,1
09474,Forchheim,2011,0.38911,1,2,1
09474,Forchheim,2012,0.36631,1,2,1
09474,Forchheim,2013,0.3723,1,2,1
09474,Forchheim,2014,0.3803,1,2,1
09474,Forchheim,2015,0.34943,1,2,1
09474,Forchheim,2016,0.33531,1,2,1
09474,Forchheim,2017,0.35432,1,2,1
09474,Forchheim,2018,0.33658,1,1,1
09474,Forchheim,2019,0.36671,1,2,1
09474,Forchheim,2020,0.33094,1,1,1
09474,Forchheim,2021,0.30541,1,1,1
09475,Hof,1998,0.4737,2,3,2
09475,Hof,1999,0.45732,2,3,2
09475,Hof,2000,0.39804,2,3,2
09475,Hof,2001,0.41756,2,3,2
09475,Hof,2002,0.5127,3,5,2
09475,Hof,2003,0.52982,3,5,2
09475,Hof,2004,0.49076,3,5,2
09475,Hof,2005,0.50572,2,4,2
09475,Hof,2006,0.51142,2,4,2
09475,Hof,2007,0.51048,2,4,2
09475,Hof,2008,0.55356,2,4,2
09475,Hof,2009,0.54289,2,4,2
09475,Hof,2010,0.52605,2,4,2
09475,Hof,2011,0.54959,3,5,2
09475,Hof,2012,0.50899,2,4,2
09475,Hof,2013,0.51766,2,4,2
09475,Hof,2014,0.50654,2,4,2
09475,Hof,2015,0.51486,2,4,2
09475,Hof,2016,0.48935,2,4,2
09475,Hof,2017,0.48588,2,4,2
09475,Hof,2018,0.49026,2,4,2
09475,Hof,2019,0.49367,2,4,2
09475,Hof,2020,0.47772,2,4,2
09475,Hof,2021,0.46474,2,4,2
09476,Kronach,1998,0.5536,3,5,2
09476,Kronach,1999,0.55776,3,6,2
09476,Kronach,2000,0.55945,4,7,2
09476,Kronach,2001,0.51921,3,6,2
09476,Kronach,2002,0.61015,4,7,2
09476,Kronach,2003,0.61141,4,7,2
09476,Kronach,2004,0.59713,4,7,2
09476,Kronach,2005,0.63305,4,7,2
09476,Kronach,2006,0.60044,4,7,2
09476,Kronach,2007,0.55862,3,5,2
09476,Kronach,2008,0.59862,3,5,2
09476,Kronach,2009,0.57295,3,5,2
09476,Kronach,2010,0.57484,3,5,2
09476,Kronach,2011,0.54242,3,5,2
09476,Kronach,2012,0.53404,3,5,2
09476,Kronach,2013,0.57169,3,6,2
09476,Kronach,2014,0.57193,3,5,2
09476,Kronach,2015,0.52263,3,5,2
09476,Kronach,2016,0.49403,3,5,2
09476,Kronach,2017,0.5099,3,5,2
09476,Kronach,2018,0.50758,2,4,2
09476,Kronach,2019,0.53019,3,5,2
09476,Kronach,2020,0.50853,2,4,2
09476,Kronach,2021,0.48747,3,5,2
09477,Kulmbach,1998,0.50395,2,4,2
09477,Kulmbach,1999,0.53052,3,5,2
09477,Kulmbach,2000,0.45196,2,4,2
09477,Kulmbach,2001,0.49063,3,5,2
09477,Kulmbach,2002,0.52862,3,5,2
09477,Kulmbach,2003,0.52626,3,5,2
09477,Kulmbach,2004,0.51164,3,5,2
09477,Kulmbach,2005,0.49849,2,4,2
09477,Kulmbach,2006,0.50654,2,4,2
09477,Kulmbach,2007,0.53692,3,5,2
09477,Kulmbach,2008,0.53739,2,4,2
09477,Kulmbach,2009,0.524,2,4,2
09477,Kulmbach,2010,0.54834,2,4,2
09477,Kulmbach,2011,0.51389,2,4,2
09477,Kulmbach,2012,0.50556,2,4,2
09477,Kulmbach,2013,0.52725,3,5,2
09477,Kulmbach,2014,0.49111,2,3,2
09477,Kulmbach,2015,0.4784,2,4,2
09477,Kulmbach,2016,0.4565,2,3,2
09477,Kulmbach,2017,0.4713,2,3,2
09477,Kulmbach,2018,0.45542,2,3,2
09477,Kulmbach,2019,0.4577,2,3,2
09477,Kulmbach,2020,0.46531,2,3,2
09477,Kulmbach,2021,0.4455,2,3,2
09478,Lichtenfels,1998,0.49847,2,4,2
09478,Lichtenfels,1999,0.52216,3,5,2
09478,Lichtenfels,2000,0.4791,3,5,2
09478,Lichtenfels,2001,0.51093,3,6,2
09478,Lichtenfels,2002,0.54826,3,6,2
09478,Lichtenfels,2003,0.53808,3,6,2
09478,Lichtenfels,2004,0.54602,3,6,2
09478,Lichtenfels,2005,0.58859,4,7,2
09478,Lichtenfels,2006,0.64168,4,7,2
09478,Lichtenfels,2007,0.57716,3,6,2
09478,Lichtenfels,2008,0.62833,3,6,2
09478,Lichtenfels,2009,0.59954,3,6,2
09478,Lichtenfels,2010,0.58796,3,5,2
09478,Lichtenfels,2011,0.57998,3,5,2
09478,Lichtenfels,2012,0.58289,3,6,2
09478,Lichtenfels,2013,0.60123,3,6,2
09478,Lichtenfels,2014,0.59714,3,6,2
09478,Lichtenfels,2015,0.56916,3,6,2
09478,Lichtenfels,2016,0.52204,3,5,2
09478,Lichtenfels,2017,0.54362,3,5,2
09478,Lichtenfels,2018,0.5511,3,6,2
09478,Lichtenfels,2019,0.54148,3,5,2
09478,Lichtenfels,2020,0.5664,3,6,2
09478,Lichtenfels,2021,0.50631,3,5,2
09479,Wunsiedel i.Fichtelgebirge,1998,0.6621,4,8,2
09479,Wunsiedel i.Fichtelgebirge,1999,0.63628,4,7,2
09479,Wunsiedel i.Fichtelgebirge,2000,0.59341,4,8,2
09479,Wunsiedel i.Fichtelgebirge,2001,0.63421,4,8,2
09479,Wunsiedel i.Fichtelgebirge,2002,0.66252,4,8,2
09479,Wunsiedel i.Fichtelgebirge,2003,0.67912,4,8,2
09479,Wunsiedel i.Fichtelgebirge,2004,0.66055,4,8,2
09479,Wunsiedel i.Fichtelgebirge,2005,0.66221,4,8,2
09479,Wunsiedel i.Fichtelgebirge,2006,0.64152,4,7,2
09479,Wunsiedel i.Fichtelgebirge,2007,0.64824,4,7,2
09479,Wunsiedel i.Fichtelgebirge,2008,0.69257,4,7,2
09479,Wunsiedel i.Fichtelgebirge,2009,0.69427,4,8,2
09479,Wunsiedel i.Fichtelgebirge,2010,0.67493,4,7,2
09479,Wunsiedel i.Fichtelgebirge,2011,0.67309,4,7,2
09479,Wunsiedel i.Fichtelgebirge,2012,0.61808,4,7,2
09479,Wunsiedel i.Fichtelgebirge,2013,0.61259,3,6,2
09479,Wunsiedel i.Fichtelgebirge,2014,0.61272,3,6,2
09479,Wunsiedel i.Fichtelgebirge,2015,0.59757,3,6,2
09479,Wunsiedel i.Fichtelgebirge,2016,0.59194,4,7,2
09479,Wunsiedel i.Fichtelgebirge,2017,0.60196,4,7,2
09479,Wunsiedel i.Fichtelgebirge,2018,0.62598,4,7,2
09479,Wunsiedel i.Fichtelgebirge,2019,0.6006,4,7,2
09479,Wunsiedel i.Fichtelgebirge,2020,0.59469,3,6,2
09479,Wunsiedel i.Fichtelgebirge,2021,0.54864,3,6,2
09561,"Ansbach, Stadt",1998,0.53782,3,5,2
09561,"Ansbach, Stadt",1999,0.48486,2,4,2
09561,"Ansbach, Stadt",2000,0.42357,2,4,2
09561,"Ansbach, Stadt",2001,0.45322,2,4,2
09561,"Ansbach, Stadt",2002,0.4825,2,4,2
09561,"Ansbach, Stadt",2003,0.491,2,4,2
09561,"Ansbach, Stadt",2004,0.48407,2,4,2
09561,"Ansbach, Stadt",2005,0.4854,2,4,2
09561,"Ansbach, Stadt",2006,0.50134,2,4,2
09561,"Ansbach, Stadt",2007,0.52098,2,4,2
09561,"Ansbach, Stadt",2008,0.58788,3,5,2
09561,"Ansbach, Stadt",2009,0.57628,3,5,2
09561,"Ansbach, Stadt",2010,0.54843,3,5,2
09561,"Ansbach, Stadt",2011,0.52058,2,4,2
09561,"Ansbach, Stadt",2012,0.49803,2,4,2
09561,"Ansbach, Stadt",2013,0.524,2,4,2
09561,"Ansbach, Stadt",2014,0.50559,2,4,2
09561,"Ansbach, Stadt",2015,0.52452,3,5,2
09561,"Ansbach, Stadt",2016,0.50792,3,5,2
09561,"Ansbach, Stadt",2017,0.55625,3,6,2
09561,"Ansbach, Stadt",2018,0.55076,3,6,2
09561,"Ansbach, Stadt",2019,0.52664,3,5,2
09561,"Ansbach, Stadt",2020,0.52453,3,5,2
09561,"Ansbach, Stadt",2021,0.52022,3,5,2
09562,Erlangen,1998,0.15415,1,1,1
09562,Erlangen,1999,0.15923,1,1,1
09562,Erlangen,2000,0.10413,1,1,1
09562,Erlangen,2001,0.11533,1,1,1
09562,Erlangen,2002,0.1318,1,1,1
09562,Erlangen,2003,0.14235,1,1,1
09562,Erlangen,2004,0.10532,1,1,1
09562,Erlangen,2005,0.13657,1,1,1
09562,Erlangen,2006,0.10867,1,1,1
09562,Erlangen,2007,0.12687,1,1,1
09562,Erlangen,2008,0.1478,1,1,1
09562,Erlangen,2009,0.11608,1,1,1
09562,Erlangen,2010,0.11768,1,1,1
09562,Erlangen,2011,0.08653,1,1,1
09562,Erlangen,2012,0.07062,1,1,1
09562,Erlangen,2013,0.08035,1,1,1
09562,Erlangen,2014,0.07399,1,1,1
09562,Erlangen,2015,0.08113,1,1,1
09562,Erlangen,2016,0.09431,1,1,1
09562,Erlangen,2017,0.10121,1,1,1
09562,Erlangen,2018,0.1038,1,1,1
09562,Erlangen,2019,0.12534,1,1,1
09562,Erlangen,2020,0.1083,1,1,1
09562,Erlangen,2021,0.12114,1,1,1
09563,"Fürth, Stadt",1998,0.55907,3,6,2
09563,"Fürth, Stadt",1999,0.52839,3,5,2
09563,"Fürth, Stadt",2000,0.49248,3,6,2
09563,"Fürth, Stadt",2001,0.4812,3,5,2
09563,"Fürth, Stadt",2002,0.5016,3,5,2
09563,"Fürth, Stadt",2003,0.50989,3,5,2
09563,"Fürth, Stadt",2004,0.54394,3,6,2
09563,"Fürth, Stadt",2005,0.58729,3,6,2
09563,"Fürth, Stadt",2006,0.56589,3,6,2
09563,"Fürth, Stadt",2007,0.59399,3,6,2
09563,"Fürth, Stadt",2008,0.57563,3,5,2
09563,"Fürth, Stadt",2009,0.52888,2,4,2
09563,"Fürth, Stadt",2010,0.54099,2,4,2
09563,"Fürth, Stadt",2011,0.50788,2,4,2
09563,"Fürth, Stadt",2012,0.49524,2,4,2
09563,"Fürth, Stadt",2013,0.50943,2,4,2
09563,"Fürth, Stadt",2014,0.50821,2,4,2
09563,"Fürth, Stadt",2015,0.47973,2,4,2
09563,"Fürth, Stadt",2016,0.46252,2,4,2
09563,"Fürth, Stadt",2017,0.51391,3,5,2
09563,"Fürth, Stadt",2018,0.50802,2,4,2
09563,"Fürth, Stadt",2019,0.49042,2,4,2
09563,"Fürth, Stadt",2020,0.46744,2,3,2
09563,"Fürth, Stadt",2021,0.47837,2,4,2
09564,Nürnberg,1998,0.58631,3,6,2
09564,Nürnberg,1999,0.55362,3,6,2
09564,Nürnberg,2000,0.48177,3,5,2
09564,Nürnberg,2001,0.5327,3,6,2
09564,Nürnberg,2002,0.5488,3,6,2
09564,Nürnberg,2003,0.55236,3,6,2
09564,Nürnberg,2004,0.5534,3,6,2
09564,Nürnberg,2005,0.56385,3,6,2
09564,Nürnberg,2006,0.57232,3,6,2
09564,Nürnberg,2007,0.56028,3,5,2
09564,Nürnberg,2008,0.58172,3,5,2
09564,Nürnberg,2009,0.54701,3,5,2
09564,Nürnberg,2010,0.55521,3,5,2
09564,Nürnberg,2011,0.51407,2,4,2
09564,Nürnberg,2012,0.48599,2,4,2
09564,Nürnberg,2013,0.50353,2,4,2
09564,Nürnberg,2014,0.52083,2,4,2
09564,Nürnberg,2015,0.47702,2,4,2
09564,Nürnberg,2016,0.4532,2,3,2
09564,Nürnberg,2017,0.4752,2,4,2
09564,Nürnberg,2018,0.49252,2,4,2
09564,Nürnberg,2019,0.48334,2,4,2
09564,Nürnberg,2020,0.46418,2,3,2
09564,Nürnberg,2021,0.45148,2,3,2
09565,Schwabach,1998,0.40199,1,2,1
09565,Schwabach,1999,0.37871,1,2,1
09565,Schwabach,2000,0.31793,1,2,1
09565,Schwabach,2001,0.29997,1,1,1
09565,Schwabach,2002,0.35875,1,2,1
09565,Schwabach,2003,0.41822,2,3,2
09565,Schwabach,2004,0.39802,2,3,2
09565,Schwabach,2005,0.39546,1,2,1
09565,Schwabach,2006,0.4097,2,3,2
09565,Schwabach,2007,0.42263,2,3,2
09565,Schwabach,2008,0.46863,2,3,2
09565,Schwabach,2009,0.47386,2,3,2
09565,Schwabach,2010,0.47232,2,3,2
09565,Schwabach,2011,0.45897,2,3,2
09565,Schwabach,2012,0.41457,1,2,1
09565,Schwabach,2013,0.427,2,3,2
09565,Schwabach,2014,0.47013,2,3,2
09565,Schwabach,2015,0.41785,2,3,2
09565,Schwabach,2016,0.41597,2,3,2
09565,Schwabach,2017,0.40753,1,2,1
09565,Schwabach,2018,0.40178,1,2,1
09565,Schwabach,2019,0.3824,1,2,1
09565,Schwabach,2020,0.38234,1,2,1
09565,Schwabach,2021,0.39022,1,2,1
09571,Ansbach,1998,0.52627,3,5,2
09571,Ansbach,1999,0.50129,2,4,2
09571,Ansbach,2000,0.48812,3,5,2
09571,Ansbach,2001,0.49887,3,5,2
09571,Ansbach,2002,0.56279,3,6,2
09571,Ansbach,2003,0.53793,3,6,2
09571,Ansbach,2004,0.55712,4,7,2
09571,Ansbach,2005,0.56196,3,6,2
09571,Ansbach,2006,0.54751,3,5,2
09571,Ansbach,2007,0.54051,3,5,2
09571,Ansbach,2008,0.57077,2,4,2
09571,Ansbach,2009,0.56046,3,5,2
09571,Ansbach,2010,0.54276,2,4,2
09571,Ansbach,2011,0.52857,2,4,2
09571,Ansbach,2012,0.50565,2,4,2
09571,Ansbach,2013,0.53142,3,5,2
09571,Ansbach,2014,0.51507,2,4,2
09571,Ansbach,2015,0.50225,2,4,2
09571,Ansbach,2016,0.47269,2,4,2
09571,Ansbach,2017,0.49799,2,4,2
09571,Ansbach,2018,0.50416,2,4,2
09571,Ansbach,2019,0.49966,2,4,2
09571,Ansbach,2020,0.50361,2,4,2
09571,Ansbach,2021,0.46869,2,4,2
09572,Erlangen-Höchstadt,1998,0.25095,1,1,1
09572,Erlangen-Höchstadt,1999,0.24307,1,1,1
09572,Erlangen-Höchstadt,2000,0.22977,1,1,1
09572,Erlangen-Höchstadt,2001,0.20124,1,1,1
09572,Erlangen-Höchstadt,2002,0.20955,1,1,1
09572,Erlangen-Höchstadt,2003,0.23147,1,1,1
09572,Erlangen-Höchstadt,2004,0.18458,1,1,1
09572,Erlangen-Höchstadt,2005,0.17391,1,1,1
09572,Erlangen-Höchstadt,2006,0.16381,1,1,1
09572,Erlangen-Höchstadt,2007,0.18497,1,1,1
09572,Erlangen-Höchstadt,2008,0.21103,1,1,1
09572,Erlangen-Höchstadt,2009,0.23069,1,1,1
09572,Erlangen-Höchstadt,2010,0.24383,1,1,1
09572,Erlangen-Höchstadt,2011,0.22663,1,1,1
09572,Erlangen-Höchstadt,2012,0.21359,1,1,1
09572,Erlangen-Höchstadt,2013,0.19948,1,1,1
09572,Erlangen-Höchstadt,2014,0.21141,1,1,1
09572,Erlangen-Höchstadt,2015,0.2061,1,1,1
09572,Erlangen-Höchstadt,2016,0.20226,1,1,1
09572,Erlangen-Höchstadt,2017,0.17001,1,1,1
09572,Erlangen-Höchstadt,2018,0.20192,1,1,1
09572,Erlangen-Höchstadt,2019,0.19404,1,1,1
09572,Erlangen-Höchstadt,2020,0.19842,1,1,1
09572,Erlangen-Höchstadt,2021,0.20075,1,1,1
09573,Fürth,1998,0.36759,1,2,1
09573,Fürth,1999,0.34565,1,2,1
09573,Fürth,2000,0.2978,1,1,1
09573,Fürth,2001,0.29144,1,1,1
09573,Fürth,2002,0.30615,1,1,1
09573,Fürth,2003,0.32336,1,1,1
09573,Fürth,2004,0.31633,1,1,1
09573,Fürth,2005,0.32155,1,1,1
09573,Fürth,2006,0.32359,1,1,1
09573,Fürth,2007,0.3203,1,1,1
09573,Fürth,2008,0.37629,1,1,1
09573,Fürth,2009,0.37471,1,1,1
09573,Fürth,2010,0.3788,1,1,1
09573,Fürth,2011,0.36289,1,1,1
09573,Fürth,2012,0.34476,1,1,1
09573,Fürth,2013,0.34134,1,1,1
09573,Fürth,2014,0.34898,1,1,1
09573,Fürth,2015,0.33395,1,1,1
09573,Fürth,2016,0.32907,1,1,1
09573,Fürth,2017,0.34978,1,2,1
09573,Fürth,2018,0.35476,1,2,1
09573,Fürth,2019,0.34455,1,1,1
09573,Fürth,2020,0.35597,1,2,1
09573,Fürth,2021,0.33524,1,2,1
09574,Nürnberger Land,1998,0.35589,1,2,1
09574,Nürnberger Land,1999,0.3377,1,1,1
09574,Nürnberger Land,2000,0.29917,1,2,1
09574,Nürnberger Land,2001,0.32258,1,2,1
09574,Nürnberger Land,2002,0.31675,1,1,1
09574,Nürnberger Land,2003,0.33244,1,1,1
09574,Nürnberger Land,2004,0.32124,1,1,1
09574,Nürnberger Land,2005,0.33359,1,1,1
09574,Nürnberger Land,2006,0.35983,1,2,1
09574,Nürnberger Land,2007,0.37359,1,2,1
09574,Nürnberger Land,2008,0.40965,1,2,1
09574,Nürnberger Land,2009,0.39789,1,2,1
09574,Nürnberger Land,2010,0.38929,1,2,1
09574,Nürnberger Land,2011,0.37927,1,2,1
09574,Nürnberger Land,2012,0.37611,1,2,1
09574,Nürnberger Land,2013,0.37544,1,2,1
09574,Nürnberger Land,2014,0.40021,1,2,1
09574,Nürnberger Land,2015,0.39064,1,2,1
09574,Nürnberger Land,2016,0.37797,1,2,1
09574,Nürnberger Land,2017,0.35787,1,2,1
09574,Nürnberger Land,2018,0.35737,1,2,1
09574,Nürnberger Land,2019,0.37907,1,2,1
09574,Nürnberger Land,2020,0.3938,1,2,1
09574,Nürnberger Land,2021,0.34419,1,2,1
09575,Neustadt a.d.Aisch-Bad Windsheim,1998,0.49296,2,4,2
09575,Neustadt a.d.Aisch-Bad Windsheim,1999,0.46665,2,4,2
09575,Neustadt a.d.Aisch-Bad Windsheim,2000,0.42826,2,4,2
09575,Neustadt a.d.Aisch-Bad Windsheim,2001,0.45949,2,4,2
09575,Neustadt a.d.Aisch-Bad Windsheim,2002,0.47237,2,4,2
09575,Neustadt a.d.Aisch-Bad Windsheim,2003,0.48059,2,4,2
09575,Neustadt a.d.Aisch-Bad Windsheim,2004,0.46138,2,4,2
09575,Neustadt a.d.Aisch-Bad Windsheim,2005,0.48416,2,4,2
09575,Neustadt a.d.Aisch-Bad Windsheim,2006,0.46952,2,3,2
09575,Neustadt a.d.Aisch-Bad Windsheim,2007,0.48123,2,4,2
09575,Neustadt a.d.Aisch-Bad Windsheim,2008,0.52992,2,4,2
09575,Neustadt a.d.Aisch-Bad Windsheim,2009,0.51508,2,4,2
09575,Neustadt a.d.Aisch-Bad Windsheim,2010,0.51873,2,4,2
09575,Neustadt a.d.Aisch-Bad Windsheim,2011,0.51395,2,4,2
09575,Neustadt a.d.Aisch-Bad Windsheim,2012,0.50278,2,4,2
09575,Neustadt a.d.Aisch-Bad Windsheim,2013,0.51511,2,4,2
09575,Neustadt a.d.Aisch-Bad Windsheim,2014,0.4965,2,4,2
09575,Neustadt a.d.Aisch-Bad Windsheim,2015,0.47579,2,3,2
09575,Neustadt a.d.Aisch-Bad Windsheim,2016,0.48038,2,4,2
09575,Neustadt a.d.Aisch-Bad Windsheim,2017,0.51508,3,5,2
09575,Neustadt a.d.Aisch-Bad Windsheim,2018,0.52791,3,5,2
09575,Neustadt a.d.Aisch-Bad Windsheim,2019,0.48111,2,4,2
09575,Neustadt a.d.Aisch-Bad Windsheim,2020,0.49463,2,4,2
09575,Neustadt a.d.Aisch-Bad Windsheim,2021,0.47712,2,4,2
09576,Roth,1998,0.40968,2,3,2
09576,Roth,1999,0.41863,2,3,2
09576,Roth,2000,0.31011,1,2,1
09576,Roth,2001,0.34288,1,2,1
09576,Roth,2002,0.35358,1,2,1
09576,Roth,2003,0.38432,1,2,1
09576,Roth,2004,0.40094,2,3,2
09576,Roth,2005,0.40166,2,3,2
09576,Roth,2006,0.41623,2,3,2
09576,Roth,2007,0.39534,1,2,1
09576,Roth,2008,0.44011,1,2,1
09576,Roth,2009,0.41994,1,2,1
09576,Roth,2010,0.44049,1,2,1
09576,Roth,2011,0.4217,1,2,1
09576,Roth,2012,0.42752,2,3,2
09576,Roth,2013,0.44004,2,3,2
09576,Roth,2014,0.45792,2,3,2
09576,Roth,2015,0.44553,2,3,2
09576,Roth,2016,0.42873,2,3,2
09576,Roth,2017,0.43968,2,3,2
09576,Roth,2018,0.42593,2,3,2
09576,Roth,2019,0.40327,1,2,1
09576,Roth,2020,0.4059,1,2,1
09576,Roth,2021,0.39134,1,2,1
09577,Weißenburg-Gunzenhausen,1998,0.54894,3,5,2
09577,Weißenburg-Gunzenhausen,1999,0.5011,2,4,2
09577,Weißenburg-Gunzenhausen,2000,0.44726,2,4,2
09577,Weißenburg-Gunzenhausen,2001,0.47114,2,4,2
09577,Weißenburg-Gunzenhausen,2002,0.52249,3,5,2
09577,Weißenburg-Gunzenhausen,2003,0.52206,3,5,2
09577,Weißenburg-Gunzenhausen,2004,0.52006,3,5,2
09577,Weißenburg-Gunzenhausen,2005,0.53224,3,5,2
09577,Weißenburg-Gunzenhausen,2006,0.53708,3,5,2
09577,Weißenburg-Gunzenhausen,2007,0.52809,3,5,2
09577,Weißenburg-Gunzenhausen,2008,0.60282,3,5,2
09577,Weißenburg-Gunzenhausen,2009,0.60364,3,6,2
09577,Weißenburg-Gunzenhausen,2010,0.5761,3,5,2
09577,Weißenburg-Gunzenhausen,2011,0.5613,3,5,2
09577,Weißenburg-Gunzenhausen,2012,0.51808,3,5,2
09577,Weißenburg-Gunzenhausen,2013,0.50588,2,4,2
09577,Weißenburg-Gunzenhausen,2014,0.52911,3,5,2
09577,Weißenburg-Gunzenhausen,2015,0.51662,2,4,2
09577,Weißenburg-Gunzenhausen,2016,0.49959,3,5,2
09577,Weißenburg-Gunzenhausen,2017,0.5066,2,4,2
09577,Weißenburg-Gunzenhausen,2018,0.51146,3,5,2
09577,Weißenburg-Gunzenhausen,2019,0.5288,3,5,2
09577,Weißenburg-Gunzenhausen,2020,0.52215,3,5,2
09577,Weißenburg-Gunzenhausen,2021,0.49838,3,5,2
09661,"Aschaffenburg, Stadt",1998,0.49665,2,4,2
09661,"Aschaffenburg, Stadt",1999,0.50167,2,4,2
09661,"Aschaffenburg, Stadt",2000,0.48327,3,5,2
09661,"Aschaffenburg, Stadt",2001,0.43296,2,4,2
09661,"Aschaffenburg, Stadt",2002,0.49185,2,4,2
09661,"Aschaffenburg, Stadt",2003,0.49899,2,4,2
09661,"Aschaffenburg, Stadt",2004,0.48743,2,4,2
09661,"Aschaffenburg, Stadt",2005,0.51433,3,5,2
09661,"Aschaffenburg, Stadt",2006,0.49316,2,4,2
09661,"Aschaffenburg, Stadt",2007,0.50997,2,4,2
09661,"Aschaffenburg, Stadt",2008,0.54451,2,4,2
09661,"Aschaffenburg, Stadt",2009,0.51702,2,4,2
09661,"Aschaffenburg, Stadt",2010,0.52226,2,4,2
09661,"Aschaffenburg, Stadt",2011,0.50243,2,4,2
09661,"Aschaffenburg, Stadt",2012,0.45445,2,3,2
09661,"Aschaffenburg, Stadt",2013,0.46511,2,3,2
09661,"Aschaffenburg, Stadt",2014,0.4685,2,3,2
09661,"Aschaffenburg, Stadt",2015,0.45797,2,3,2
09661,"Aschaffenburg, Stadt",2016,0.43411,2,3,2
09661,"Aschaffenburg, Stadt",2017,0.41736,2,3,2
09661,"Aschaffenburg, Stadt",2018,0.46829,2,3,2
09661,"Aschaffenburg, Stadt",2019,0.45794,2,3,2
09661,"Aschaffenburg, Stadt",2020,0.45895,2,3,2
09661,"Aschaffenburg, Stadt",2021,0.46263,2,4,2
09662,"Schweinfurt, Stadt",1998,0.63473,4,7,2
09662,"Schweinfurt, Stadt",1999,0.56136,3,6,2
09662,"Schweinfurt, Stadt",2000,0.50949,3,6,2
09662,"Schweinfurt, Stadt",2001,0.53851,3,6,2
09662,"Schweinfurt, Stadt",2002,0.58805,4,7,2
09662,"Schweinfurt, Stadt",2003,0.59373,4,7,2
09662,"Schweinfurt, Stadt",2004,0.57721,4,7,2
09662,"Schweinfurt, Stadt",2005,0.63665,4,7,2
09662,"Schweinfurt, Stadt",2006,0.61339,4,7,2
09662,"Schweinfurt, Stadt",2007,0.61591,4,7,2
09662,"Schweinfurt, Stadt",2008,0.62525,3,6,2
09662,"Schweinfurt, Stadt",2009,0.62199,3,6,2
09662,"Schweinfurt, Stadt",2010,0.61192,3,6,2
09662,"Schweinfurt, Stadt",2011,0.57386,3,5,2
09662,"Schweinfurt, Stadt",2012,0.50479,2,4,2
09662,"Schweinfurt, Stadt",2013,0.54481,3,5,2
09662,"Schweinfurt, Stadt",2014,0.52804,2,4,2
09662,"Schweinfurt, Stadt",2015,0.51927,2,4,2
09662,"Schweinfurt, Stadt",2016,0.51683,3,5,2
09662,"Schweinfurt, Stadt",2017,0.57867,3,6,2
09662,"Schweinfurt, Stadt",2018,0.58691,3,6,2
09662,"Schweinfurt, Stadt",2019,0.55654,3,6,2
09662,"Schweinfurt, Stadt",2020,0.53145,3,5,2
09662,"Schweinfurt, Stadt",2021,0.50435,3,5,2
09663,"Würzburg, Stadt",1998,0.40926,2,3,2
09663,"Würzburg, Stadt",1999,0.36039,1,2,1
09663,"Würzburg, Stadt",2000,0.29655,1,1,1
09663,"Würzburg, Stadt",2001,0.34177,1,2,1
09663,"Würzburg, Stadt",2002,0.36408,1,2,1
09663,"Würzburg, Stadt",2003,0.37142,1,2,1
09663,"Würzburg, Stadt",2004,0.37018,1,2,1
09663,"Würzburg, Stadt",2005,0.38381,1,2,1
09663,"Würzburg, Stadt",2006,0.40176,1,2,1
09663,"Würzburg, Stadt",2007,0.41474,1,2,1
09663,"Würzburg, Stadt",2008,0.42954,1,2,1
09663,"Würzburg, Stadt",2009,0.43101,1,2,1
09663,"Würzburg, Stadt",2010,0.42214,1,2,1
09663,"Würzburg, Stadt",2011,0.38103,1,2,1
09663,"Würzburg, Stadt",2012,0.35908,1,2,1
09663,"Würzburg, Stadt",2013,0.34802,1,1,1
09663,"Würzburg, Stadt",2014,0.34972,1,1,1
09663,"Würzburg, Stadt",2015,0.32904,1,1,1
09663,"Würzburg, Stadt",2016,0.30948,1,1,1
09663,"Würzburg, Stadt",2017,0.30227,1,1,1
09663,"Würzburg, Stadt",2018,0.33054,1,1,1
09663,"Würzburg, Stadt",2019,0.3376,1,1,1
09663,"Würzburg, Stadt",2020,0.33088,1,1,1
09663,"Würzburg, Stadt",2021,0.32171,1,1,1
09671,Aschaffenburg,1998,0.41985,2,3,2
09671,Aschaffenburg,1999,0.38503,1,2,1
09671,Aschaffenburg,2000,0.37299,2,3,2
09671,Aschaffenburg,2001,0.38363,2,3,2
09671,Aschaffenburg,2002,0.38525,1,2,1
09671,Aschaffenburg,2003,0.38164,1,2,1
09671,Aschaffenburg,2004,0.37516,1,2,1
09671,Aschaffenburg,2005,0.36638,1,2,1
09671,Aschaffenburg,2006,0.38363,1,2,1
09671,Aschaffenburg,2007,0.36106,1,2,1
09671,Aschaffenburg,2008,0.39459,1,2,1
09671,Aschaffenburg,2009,0.40203,1,2,1
09671,Aschaffenburg,2010,0.40078,1,2,1
09671,Aschaffenburg,2011,0.3905,1,2,1
09671,Aschaffenburg,2012,0.37081,1,2,1
09671,Aschaffenburg,2013,0.38541,1,2,1
09671,Aschaffenburg,2014,0.37263,1,2,1
09671,Aschaffenburg,2015,0.36813,1,2,1
09671,Aschaffenburg,2016,0.41237,2,3,2
09671,Aschaffenburg,2017,0.37902,1,2,1
09671,Aschaffenburg,2018,0.37906,1,2,1
09671,Aschaffenburg,2019,0.36188,1,2,1
09671,Aschaffenburg,2020,0.39693,1,2,1
09671,Aschaffenburg,2021,0.3525,1,2,1
09672,Bad Kissingen,1998,0.50249,2,4,2
09672,Bad Kissingen,1999,0.48343,2,4,2
09672,Bad Kissingen,2000,0.41642,2,4,2
09672,Bad Kissingen,2001,0.4689,2,4,2
09672,Bad Kissingen,2002,0.48382,2,4,2
09672,Bad Kissingen,2003,0.5216,3,5,2
09672,Bad Kissingen,2004,0.48798,2,4,2
09672,Bad Kissingen,2005,0.47699,2,4,2
09672,Bad Kissingen,2006,0.49646,2,4,2
09672,Bad Kissingen,2007,0.50304,2,4,2
09672,Bad Kissingen,2008,0.57226,3,5,2
09672,Bad Kissingen,2009,0.52698,2,4,2
09672,Bad Kissingen,2010,0.53216,2,4,2
09672,Bad Kissingen,2011,0.53112,2,4,2
09672,Bad Kissingen,2012,0.5075,2,4,2
09672,Bad Kissingen,2013,0.47344,2,3,2
09672,Bad Kissingen,2014,0.48678,2,3,2
09672,Bad Kissingen,2015,0.4891,2,4,2
09672,Bad Kissingen,2016,0.47361,2,4,2
09672,Bad Kissingen,2017,0.51165,3,5,2
09672,Bad Kissingen,2018,0.48979,2,4,2
09672,Bad Kissingen,2019,0.47585,2,4,2
09672,Bad Kissingen,2020,0.47416,2,4,2
09672,Bad Kissingen,2021,0.45699,2,3,2
09673,Rhön-Grabfeld,1998,0.48629,2,4,2
09673,Rhön-Grabfeld,1999,0.47275,2,4,2
09673,Rhön-Grabfeld,2000,0.44611,2,4,2
09673,Rhön-Grabfeld,2001,0.42893,2,4,2
09673,Rhön-Grabfeld,2002,0.48531,2,4,2
09673,Rhön-Grabfeld,2003,0.52222,3,5,2
09673,Rhön-Grabfeld,2004,0.4966,3,5,2
09673,Rhön-Grabfeld,2005,0.50385,2,4,2
09673,Rhön-Grabfeld,2006,0.47199,2,3,2
09673,Rhön-Grabfeld,2007,0.48118,2,4,2
09673,Rhön-Grabfeld,2008,0.53879,2,4,2
09673,Rhön-Grabfeld,2009,0.5081,2,3,2
09673,Rhön-Grabfeld,2010,0.50314,2,3,2
09673,Rhön-Grabfeld,2011,0.48809,2,3,2
09673,Rhön-Grabfeld,2012,0.45767,2,3,2
09673,Rhön-Grabfeld,2013,0.46988,2,3,2
09673,Rhön-Grabfeld,2014,0.439,2,3,2
09673,Rhön-Grabfeld,2015,0.43135,2,3,2
09673,Rhön-Grabfeld,2016,0.43378,2,3,2
09673,Rhön-Grabfeld,2017,0.43716,2,3,2
09673,Rhön-Grabfeld,2018,0.4596,2,3,2
09673,Rhön-Grabfeld,2019,0.42429,2,3,2
09673,Rhön-Grabfeld,2020,0.41676,2,3,2
09673,Rhön-Grabfeld,2021,0.39709,2,3,2
09674,Haßberge,1998,0.53283,3,5,2
09674,Haßberge,1999,0.56345,3,6,2
09674,Haßberge,2000,0.51287,3,6,2
09674,Haßberge,2001,0.52074,3,6,2
09674,Haßberge,2002,0.58266,4,7,2
09674,Haßberge,2003,0.56092,3,6,2
09674,Haßberge,2004,0.55563,3,6,2
09674,Haßberge,2005,0.53924,3,5,2
09674,Haßberge,2006,0.57967,3,6,2
09674,Haßberge,2007,0.56766,3,6,2
09674,Haßberge,2008,0.63334,3,6,2
09674,Haßberge,2009,0.62646,3,6,2
09674,Haßberge,2010,0.61201,3,6,2
09674,Haßberge,2011,0.58178,3,6,2
09674,Haßberge,2012,0.57463,3,6,2
09674,Haßberge,2013,0.54063,3,5,2
09674,Haßberge,2014,0.55699,3,5,2
09674,Haßberge,2015,0.54072,3,5,2
09674,Haßberge,2016,0.52817,3,5,2
09674,Haßberge,2017,0.50386,2,4,2
09674,Haßberge,2018,0.50537,2,4,2
09674,Haßberge,2019,0.52875,3,5,2
09674,Haßberge,2020,0.49916,2,4,2
09674,Haßberge,2021,0.47623,2,4,2
09675,Kitzingen,1998,0.47778,2,3,2
09675,Kitzingen,1999,0.46621,2,3,2
09675,Kitzingen,2000,0.39605,2,3,2
09675,Kitzingen,2001,0.42592,2,3,2
09675,Kitzingen,2002,0.44342,2,3,2
09675,Kitzingen,2003,0.44102,2,3,2
09675,Kitzingen,2004,0.41049,2,3,2
09675,Kitzingen,2005,0.41691,2,3,2
09675,Kitzingen,2006,0.45335,2,3,2
09675,Kitzingen,2007,0.4617,2,3,2
09675,Kitzingen,2008,0.50582,2,3,2
09675,Kitzingen,2009,0.48547,2,3,2
09675,Kitzingen,2010,0.49232,2,3,2
09675,Kitzingen,2011,0.47328,2,3,2
09675,Kitzingen,2012,0.47926,2,3,2
09675,Kitzingen,2013,0.49254,2,4,2
09675,Kitzingen,2014,0.47999000000000003,2,3,2
09675,Kitzingen,2015,0.46299,2,3,2
09675,Kitzingen,2016,0.43311,2,3,2
09675,Kitzingen,2017,0.42624,2,3,2
09675,Kitzingen,2018,0.47357,2,3,2
09675,Kitzingen,2019,0.47406,2,4,2
09675,Kitzingen,2020,0.441,2,3,2
09675,Kitzingen,2021,0.43042,2,3,2
09676,Miltenberg,1998,0.54684,3,5,2
09676,Miltenberg,1999,0.54184,3,5,2
09676,Miltenberg,2000,0.46492,3,5,2
09676,Miltenberg,2001,0.50207,3,5,2
09676,Miltenberg,2002,0.55377,3,6,2
09676,Miltenberg,2003,0.54821,3,6,2
09676,Miltenberg,2004,0.52519,3,6,2
09676,Miltenberg,2005,0.5407,3,5,2
09676,Miltenberg,2006,0.52164,3,5,2
09676,Miltenberg,2007,0.51238,2,4,2
09676,Miltenberg,2008,0.57116,3,5,2
09676,Miltenberg,2009,0.55551,3,5,2
09676,Miltenberg,2010,0.54917,3,5,2
09676,Miltenberg,2011,0.56001,3,5,2
09676,Miltenberg,2012,0.53229,3,5,2
09676,Miltenberg,2013,0.52425,2,4,2
09676,Miltenberg,2014,0.5429,3,5,2
09676,Miltenberg,2015,0.50922,2,4,2
09676,Miltenberg,2016,0.4891,2,4,2
09676,Miltenberg,2017,0.5083,2,4,2
09676,Miltenberg,2018,0.518,3,5,2
09676,Miltenberg,2019,0.49663,2,4,2
09676,Miltenberg,2020,0.50742,2,4,2
09676,Miltenberg,2021,0.48337,2,4,2
09677,Main-Spessart,1998,0.34173,1,1,1
09677,Main-Spessart,1999,0.33362000000000003,1,1,1
09677,Main-Spessart,2000,0.31527,1,2,1
09677,Main-Spessart,2001,0.35145,1,2,1
09677,Main-Spessart,2002,0.39413,1,2,1
09677,Main-Spessart,2003,0.39612000000000003,2,3,2
09677,Main-Spessart,2004,0.35755,1,2,1
09677,Main-Spessart,2005,0.39849,1,2,1
09677,Main-Spessart,2006,0.38649,1,2,1
09677,Main-Spessart,2007,0.35263,1,2,1
09677,Main-Spessart,2008,0.40471,1,2,1
09677,Main-Spessart,2009,0.39711,1,2,1
09677,Main-Spessart,2010,0.3869,1,2,1
09677,Main-Spessart,2011,0.38939,1,2,1
09677,Main-Spessart,2012,0.37293,1,2,1
09677,Main-Spessart,2013,0.38433,1,2,1
09677,Main-Spessart,2014,0.37217,1,2,1
09677,Main-Spessart,2015,0.34928,1,2,1
09677,Main-Spessart,2016,0.34656,1,2,1
09677,Main-Spessart,2017,0.3504,1,2,1
09677,Main-Spessart,2018,0.35154,1,2,1
09677,Main-Spessart,2019,0.34517,1,1,1
09677,Main-Spessart,2020,0.3571,1,2,1
09677,Main-Spessart,2021,0.33854,1,2,1
09678,Schweinfurt,1998,0.61993,4,7,2
09678,Schweinfurt,1999,0.56892,3,6,2
09678,Schweinfurt,2000,0.48993,3,5,2
09678,Schweinfurt,2001,0.4716,2,4,2
09678,Schweinfurt,2002,0.53536,3,6,2
09678,Schweinfurt,2003,0.54162,3,6,2
09678,Schweinfurt,2004,0.48862,2,4,2
09678,Schweinfurt,2005,0.47355,2,4,2
09678,Schweinfurt,2006,0.51228,2,4,2
09678,Schweinfurt,2007,0.51041,2,4,2
09678,Schweinfurt,2008,0.58318,3,5,2
09678,Schweinfurt,2009,0.5318,2,4,2
09678,Schweinfurt,2010,0.54,2,4,2
09678,Schweinfurt,2011,0.54462,3,5,2
09678,Schweinfurt,2012,0.50753,2,4,2
09678,Schweinfurt,2013,0.48485,2,3,2
09678,Schweinfurt,2014,0.53962,3,5,2
09678,Schweinfurt,2015,0.47818,2,4,2
09678,Schweinfurt,2016,0.5014,3,5,2
09678,Schweinfurt,2017,0.50754,2,4,2
09678,Schweinfurt,2018,0.49287,2,4,2
09678,Schweinfurt,2019,0.46364,2,3,2
09678,Schweinfurt,2020,0.44716,2,3,2
09678,Schweinfurt,2021,0.47392,2,4,2
09679,Würzburg,1998,0.35817,1,2,1
09679,Würzburg,1999,0.30791,1,1,1
09679,Würzburg,2000,0.27989000000000003,1,1,1
09679,Würzburg,2001,0.27673,1,1,1
09679,Würzburg,2002,0.31703,1,1,1
09679,Würzburg,2003,0.35431,1,2,1
09679,Würzburg,2004,0.30869,1,1,1
09679,Würzburg,2005,0.35473,1,2,1
09679,Würzburg,2006,0.34761,1,2,1
09679,Würzburg,2007,0.34712,1,1,1
09679,Würzburg,2008,0.39269,1,2,1
09679,Würzburg,2009,0.35645,1,1,1
09679,Würzburg,2010,0.36343,1,1,1
09679,Würzburg,2011,0.36894,1,2,1
09679,Würzburg,2012,0.34265,1,1,1
09679,Würzburg,2013,0.36248,1,2,1
09679,Würzburg,2014,0.35212,1,1,1
09679,Würzburg,2015,0.39421,1,2,1
09679,Würzburg,2016,0.37787,1,2,1
09679,Würzburg,2017,0.40275,1,2,1
09679,Würzburg,2018,0.33939,1,1,1
09679,Würzburg,2019,0.36839,1,2,1
09679,Würzburg,2020,0.36269,1,2,1
09679,Würzburg,2021,0.35367,1,2,1
09761,"Augsburg, Stadt",1998,0.56404,3,6,2
09761,"Augsburg, Stadt",1999,0.52912,3,5,2
09761,"Augsburg, Stadt",2000,0.46826,3,5,2
09761,"Augsburg, Stadt",2001,0.48277,3,5,2
09761,"Augsburg, Stadt",2002,0.51915,3,5,2
09761,"Augsburg, Stadt",2003,0.52123,3,5,2
09761,"Augsburg, Stadt",2004,0.53704,3,6,2
09761,"Augsburg, Stadt",2005,0.56077,3,6,2
09761,"Augsburg, Stadt",2006,0.57288,3,6,2
09761,"Augsburg, Stadt",2007,0.57014,3,6,2
09761,"Augsburg, Stadt",2008,0.5876,3,5,2
09761,"Augsburg, Stadt",2009,0.56689,3,5,2
09761,"Augsburg, Stadt",2010,0.55897,3,5,2
09761,"Augsburg, Stadt",2011,0.56189,3,5,2
09761,"Augsburg, Stadt",2012,0.52546,3,5,2
09761,"Augsburg, Stadt",2013,0.54082,3,5,2
09761,"Augsburg, Stadt",2014,0.54287,3,5,2
09761,"Augsburg, Stadt",2015,0.51388,2,4,2
09761,"Augsburg, Stadt",2016,0.49164,2,4,2
09761,"Augsburg, Stadt",2017,0.50912,2,4,2
09761,"Augsburg, Stadt",2018,0.49961,2,4,2
09761,"Augsburg, Stadt",2019,0.49631,2,4,2
09761,"Augsburg, Stadt",2020,0.49676,2,4,2
09761,"Augsburg, Stadt",2021,0.47375,2,4,2
09762,Kaufbeuren,1998,0.68536,4,8,2
09762,Kaufbeuren,1999,0.58837,4,7,2
09762,Kaufbeuren,2000,0.51725,3,6,2
09762,Kaufbeuren,2001,0.58919,4,7,2
09762,Kaufbeuren,2002,0.56087,3,6,2
09762,Kaufbeuren,2003,0.56504,3,6,2
09762,Kaufbeuren,2004,0.57364,4,7,2
09762,Kaufbeuren,2005,0.62492,4,7,2
09762,Kaufbeuren,2006,0.59351,3,6,2
09762,Kaufbeuren,2007,0.63431,4,7,2
09762,Kaufbeuren,2008,0.66742,4,7,2
09762,Kaufbeuren,2009,0.6513,4,7,2
09762,Kaufbeuren,2010,0.66322,4,7,2
09762,Kaufbeuren,2011,0.65422,4,7,2
09762,Kaufbeuren,2012,0.58082,3,6,2
09762,Kaufbeuren,2013,0.59672,3,6,2
09762,Kaufbeuren,2014,0.6327,4,7,2
09762,Kaufbeuren,2015,0.6231,4,7,2
09762,Kaufbeuren,2016,0.60718,4,7,2
09762,Kaufbeuren,2017,0.5793,3,6,2
09762,Kaufbeuren,2018,0.57088,3,6,2
09762,Kaufbeuren,2019,0.56137,3,6,2
09762,Kaufbeuren,2020,0.58521,3,6,2
09762,Kaufbeuren,2021,0.53917,3,6,2
09763,Kempten (Allgäu),1998,0.52888,3,5,2
09763,Kempten (Allgäu),1999,0.54325,3,5,2
09763,Kempten (Allgäu),2000,0.45484,2,4,2
09763,Kempten (Allgäu),2001,0.49315,3,5,2
09763,Kempten (Allgäu),2002,0.50842,3,5,2
09763,Kempten (Allgäu),2003,0.52342,3,5,2
09763,Kempten (Allgäu),2004,0.54416,3,6,2
09763,Kempten (Allgäu),2005,0.57654,3,6,2
09763,Kempten (Allgäu),2006,0.58628,3,6,2
09763,Kempten (Allgäu),2007,0.55854,3,5,2
09763,Kempten (Allgäu),2008,0.60791,3,5,2
09763,Kempten (Allgäu),2009,0.60228,3,6,2
09763,Kempten (Allgäu),2010,0.58627,3,5,2
09763,Kempten (Allgäu),2011,0.60447,3,6,2
09763,Kempten (Allgäu),2012,0.56199,3,5,2
09763,Kempten (Allgäu),2013,0.57157,3,6,2
09763,Kempten (Allgäu),2014,0.59993,3,6,2
09763,Kempten (Allgäu),2015,0.58058,3,6,2
09763,Kempten (Allgäu),2016,0.54488,3,6,2
09763,Kempten (Allgäu),2017,0.55519,3,5,2
09763,Kempten (Allgäu),2018,0.55031,3,5,2
09763,Kempten (Allgäu),2019,0.53466,3,5,2
09763,Kempten (Allgäu),2020,0.51688,3,5,2
09763,Kempten (Allgäu),2021,0.47993,2,4,2
09764,Memmingen,1998,0.53276,3,5,2
09764,Memmingen,1999,0.53378,3,5,2
09764,Memmingen,2000,0.43549,2,4,2
09764,Memmingen,2001,0.48981,3,5,2
09764,Memmingen,2002,0.54313,3,6,2
09764,Memmingen,2003,0.5547,3,6,2
09764,Memmingen,2004,0.51353,3,5,2
09764,Memmingen,2005,0.53666,3,5,2
09764,Memmingen,2006,0.55903,3,6,2
09764,Memmingen,2007,0.49828,2,4,2
09764,Memmingen,2008,0.54357,2,4,2
09764,Memmingen,2009,0.54559,2,4,2
09764,Memmingen,2010,0.58985,3,6,2
09764,Memmingen,2011,0.56649,3,5,2
09764,Memmingen,2012,0.479,2,3,2
09764,Memmingen,2013,0.53112,3,5,2
09764,Memmingen,2014,0.51377,2,4,2
09764,Memmingen,2015,0.52434,3,5,2
09764,Memmingen,2016,0.49682,3,5,2
09764,Memmingen,2017,0.5413,3,5,2
09764,Memmingen,2018,0.53178,3,5,2
09764,Memmingen,2019,0.51589,3,5,2
09764,Memmingen,2020,0.50856,3,5,2
09764,Memmingen,2021,0.49498,3,5,2
09771,Aichach-Friedberg,1998,0.39048,1,2,1
09771,Aichach-Friedberg,1999,0.36845,1,2,1
09771,Aichach-Friedberg,2000,0.31692,1,2,1
09771,Aichach-Friedberg,2001,0.31244,1,2,1
09771,Aichach-Friedberg,2002,0.36958,1,2,1
09771,Aichach-Friedberg,2003,0.36578,1,2,1
09771,Aichach-Friedberg,2004,0.36963,1,2,1
09771,Aichach-Friedberg,2005,0.37165,1,2,1
09771,Aichach-Friedberg,2006,0.3735,1,2,1
09771,Aichach-Friedberg,2007,0.40294,1,2,1
09771,Aichach-Friedberg,2008,0.43018,1,2,1
09771,Aichach-Friedberg,2009,0.42943,1,2,1
09771,Aichach-Friedberg,2010,0.44792,1,2,1
09771,Aichach-Friedberg,2011,0.41527,1,2,1
09771,Aichach-Friedberg,2012,0.364,1,2,1
09771,Aichach-Friedberg,2013,0.36042,1,2,1
09771,Aichach-Friedberg,2014,0.35598,1,1,1
09771,Aichach-Friedberg,2015,0.36761,1,2,1
09771,Aichach-Friedberg,2016,0.34608,1,2,1
09771,Aichach-Friedberg,2017,0.35944,1,2,1
09771,Aichach-Friedberg,2018,0.36302,1,2,1
09771,Aichach-Friedberg,2019,0.37046,1,2,1
09771,Aichach-Friedberg,2020,0.35153,1,2,1
09771,Aichach-Friedberg,2021,0.34138,1,2,1
09772,Augsburg,1998,0.42156,2,3,2
09772,Augsburg,1999,0.39134,1,2,1
09772,Augsburg,2000,0.33318,1,2,1
09772,Augsburg,2001,0.36331,1,2,1
09772,Augsburg,2002,0.36677,1,2,1
09772,Augsburg,2003,0.3759,1,2,1
09772,Augsburg,2004,0.35021,1,2,1
09772,Augsburg,2005,0.40085,1,2,1
09772,Augsburg,2006,0.3878,1,2,1
09772,Augsburg,2007,0.39149,1,2,1
09772,Augsburg,2008,0.426,1,2,1
09772,Augsburg,2009,0.41978,1,2,1
09772,Augsburg,2010,0.42432,1,2,1
09772,Augsburg,2011,0.40079,1,2,1
09772,Augsburg,2012,0.37587,1,2,1
09772,Augsburg,2013,0.39693,1,2,1
09772,Augsburg,2014,0.38857,1,2,1
09772,Augsburg,2015,0.39312,1,2,1
09772,Augsburg,2016,0.36204,1,2,1
09772,Augsburg,2017,0.37523,1,2,1
09772,Augsburg,2018,0.38694,1,2,1
09772,Augsburg,2019,0.38959,1,2,1
09772,Augsburg,2020,0.39112,1,2,1
09772,Augsburg,2021,0.36727,1,2,1
09773,Dillingen a.d.Donau,1998,0.56121,3,6,2
09773,Dillingen a.d.Donau,1999,0.4918,2,4,2
09773,Dillingen a.d.Donau,2000,0.44929,2,4,2
09773,Dillingen a.d.Donau,2001,0.48923,3,5,2
09773,Dillingen a.d.Donau,2002,0.50143,3,5,2
09773,Dillingen a.d.Donau,2003,0.47137,2,4,2
09773,Dillingen a.d.Donau,2004,0.50803,3,5,2
09773,Dillingen a.d.Donau,2005,0.53271,3,5,2
09773,Dillingen a.d.Donau,2006,0.51953,3,5,2
09773,Dillingen a.d.Donau,2007,0.52106,2,4,2
09773,Dillingen a.d.Donau,2008,0.54911,2,4,2
09773,Dillingen a.d.Donau,2009,0.52575,2,4,2
09773,Dillingen a.d.Donau,2010,0.52646,2,4,2
09773,Dillingen a.d.Donau,2011,0.49601,2,4,2
09773,Dillingen a.d.Donau,2012,0.4629,2,3,2
09773,Dillingen a.d.Donau,2013,0.49286,2,4,2
09773,Dillingen a.d.Donau,2014,0.49549,2,4,2
09773,Dillingen a.d.Donau,2015,0.485,2,4,2
09773,Dillingen a.d.Donau,2016,0.46551,2,4,2
09773,Dillingen a.d.Donau,2017,0.48204,2,4,2
09773,Dillingen a.d.Donau,2018,0.49196,2,4,2
09773,Dillingen a.d.Donau,2019,0.48478,2,4,2
09773,Dillingen a.d.Donau,2020,0.4837,2,4,2
09773,Dillingen a.d.Donau,2021,0.45984,2,4,2
09774,Günzburg,1998,0.52636,3,5,2
09774,Günzburg,1999,0.48958,2,4,2
09774,Günzburg,2000,0.48086,3,5,2
09774,Günzburg,2001,0.46653,2,4,2
09774,Günzburg,2002,0.50226,3,5,2
09774,Günzburg,2003,0.49672,2,4,2
09774,Günzburg,2004,0.50176,3,5,2
09774,Günzburg,2005,0.52283,3,5,2
09774,Günzburg,2006,0.50882,2,4,2
09774,Günzburg,2007,0.48092,2,4,2
09774,Günzburg,2008,0.51561,2,3,2
09774,Günzburg,2009,0.52241,2,4,2
09774,Günzburg,2010,0.5259,2,4,2
09774,Günzburg,2011,0.48256,2,3,2
09774,Günzburg,2012,0.48904,2,4,2
09774,Günzburg,2013,0.49609,2,4,2
09774,Günzburg,2014,0.51242,2,4,2
09774,Günzburg,2015,0.49862,2,4,2
09774,Günzburg,2016,0.46594,2,4,2
09774,Günzburg,2017,0.47886,2,4,2
09774,Günzburg,2018,0.48326,2,3,2
09774,Günzburg,2019,0.48362,2,4,2
09774,Günzburg,2020,0.47857,2,4,2
09774,Günzburg,2021,0.45864,2,4,2
09775,Neu-Ulm,1998,0.4674,2,3,2
09775,Neu-Ulm,1999,0.4055,2,3,2
09775,Neu-Ulm,2000,0.38188,2,3,2
09775,Neu-Ulm,2001,0.40783,2,3,2
09775,Neu-Ulm,2002,0.41315,2,3,2
09775,Neu-Ulm,2003,0.39434,2,3,2
09775,Neu-Ulm,2004,0.39717,2,3,2
09775,Neu-Ulm,2005,0.42275,2,3,2
09775,Neu-Ulm,2006,0.37756,1,2,1
09775,Neu-Ulm,2007,0.38154,1,2,1
09775,Neu-Ulm,2008,0.42343,1,2,1
09775,Neu-Ulm,2009,0.43589,1,2,1
09775,Neu-Ulm,2010,0.43706,1,2,1
09775,Neu-Ulm,2011,0.41631,1,2,1
09775,Neu-Ulm,2012,0.41617,1,2,1
09775,Neu-Ulm,2013,0.44388,2,3,2
09775,Neu-Ulm,2014,0.40209,1,2,1
09775,Neu-Ulm,2015,0.4052,1,2,1
09775,Neu-Ulm,2016,0.4087,2,3,2
09775,Neu-Ulm,2017,0.42191,2,3,2
09775,Neu-Ulm,2018,0.41598,2,3,2
09775,Neu-Ulm,2019,0.4117,2,3,2
09775,Neu-Ulm,2020,0.40379,1,2,1
09775,Neu-Ulm,2021,0.42133,2,3,2
09776,Lindau (Bodensee),1998,0.40617,1,2,1
09776,Lindau (Bodensee),1999,0.35241,1,2,1
09776,Lindau (Bodensee),2000,0.37214,2,3,2
09776,Lindau (Bodensee),2001,0.32324,1,2,1
09776,Lindau (Bodensee),2002,0.39529,1,2,1
09776,Lindau (Bodensee),2003,0.37938,1,2,1
09776,Lindau (Bodensee),2004,0.35933,1,2,1
09776,Lindau (Bodensee),2005,0.42086,2,3,2
09776,Lindau (Bodensee),2006,0.41292,2,3,2
09776,Lindau (Bodensee),2007,0.45864,2,3,2
09776,Lindau (Bodensee),2008,0.45327,1,2,1
09776,Lindau (Bodensee),2009,0.43768,1,2,1
09776,Lindau (Bodensee),2010,0.43163,1,2,1
09776,Lindau (Bodensee),2011,0.40553,1,2,1
09776,Lindau (Bodensee),2012,0.37666,1,2,1
09776,Lindau (Bodensee),2013,0.3921,1,2,1
09776,Lindau (Bodensee),2014,0.37018,1,2,1
09776,Lindau (Bodensee),2015,0.38081,1,2,1
09776,Lindau (Bodensee),2016,0.37133,1,2,1
09776,Lindau (Bodensee),2017,0.35715,1,2,1
09776,Lindau (Bodensee),2018,0.36152,1,2,1
09776,Lindau (Bodensee),2019,0.39174,1,2,1
09776,Lindau (Bodensee),2020,0.39151,1,2,1
09776,Lindau (Bodensee),2021,0.37503,1,2,1
09777,Ostallgäu,1998,0.4157,2,3,2
09777,Ostallgäu,1999,0.3973,1,2,1
09777,Ostallgäu,2000,0.34665,1,2,1
09777,Ostallgäu,2001,0.36065,1,2,1
09777,Ostallgäu,2002,0.39828,2,3,2
09777,Ostallgäu,2003,0.42057,2,3,2
09777,Ostallgäu,2004,0.38852,2,3,2
09777,Ostallgäu,2005,0.41863,2,3,2
09777,Ostallgäu,2006,0.40241,1,2,1
09777,Ostallgäu,2007,0.38226,1,2,1
09777,Ostallgäu,2008,0.43655,1,2,1
09777,Ostallgäu,2009,0.42824,1,2,1
09777,Ostallgäu,2010,0.43439,1,2,1
09777,Ostallgäu,2011,0.41546,1,2,1
09777,Ostallgäu,2012,0.37507,1,2,1
09777,Ostallgäu,2013,0.39571,1,2,1
09777,Ostallgäu,2014,0.394,1,2,1
09777,Ostallgäu,2015,0.37407,1,2,1
09777,Ostallgäu,2016,0.37697,1,2,1
09777,Ostallgäu,2017,0.3763,1,2,1
09777,Ostallgäu,2018,0.36342,1,2,1
09777,Ostallgäu,2019,0.36299,1,2,1
09777,Ostallgäu,2020,0.39572,1,2,1
09777,Ostallgäu,2021,0.34985,1,2,1
09778,Unterallgäu,1998,0.38747,1,2,1
09778,Unterallgäu,1999,0.33726,1,1,1
09778,Unterallgäu,2000,0.33854,1,2,1
09778,Unterallgäu,2001,0.37199,2,3,2
09778,Unterallgäu,2002,0.4004,2,3,2
09778,Unterallgäu,2003,0.36996,1,2,1
09778,Unterallgäu,2004,0.33926,1,2,1
09778,Unterallgäu,2005,0.36109,1,2,1
09778,Unterallgäu,2006,0.35477,1,2,1
09778,Unterallgäu,2007,0.35227,1,2,1
09778,Unterallgäu,2008,0.41241,1,2,1
09778,Unterallgäu,2009,0.3978,1,2,1
09778,Unterallgäu,2010,0.38592,1,2,1
09778,Unterallgäu,2011,0.3842,1,2,1
09778,Unterallgäu,2012,0.36763,1,2,1
09778,Unterallgäu,2013,0.37687,1,2,1
09778,Unterallgäu,2014,0.37679,1,2,1
09778,Unterallgäu,2015,0.35899,1,2,1
09778,Unterallgäu,2016,0.33494,1,2,1
09778,Unterallgäu,2017,0.35638,1,2,1
09778,Unterallgäu,2018,0.34864,1,2,1
09778,Unterallgäu,2019,0.35335,1,2,1
09778,Unterallgäu,2020,0.35359,1,2,1
09778,Unterallgäu,2021,0.33084,1,2,1
09779,Donau-Ries,1998,0.40104,1,2,1
09779,Donau-Ries,1999,0.38273,1,2,1
09779,Donau-Ries,2000,0.37224,2,3,2
09779,Donau-Ries,2001,0.38144,2,3,2
09779,Donau-Ries,2002,0.43153,2,3,2
09779,Donau-Ries,2003,0.42033,2,3,2
09779,Donau-Ries,2004,0.39059,2,3,2
09779,Donau-Ries,2005,0.40719,2,3,2
09779,Donau-Ries,2006,0.42432,2,3,2
09779,Donau-Ries,2007,0.42623,2,3,2
09779,Donau-Ries,2008,0.4557,1,2,1
09779,Donau-Ries,2009,0.42274,1,2,1
09779,Donau-Ries,2010,0.4261,1,2,1
09779,Donau-Ries,2011,0.4238,1,2,1
09779,Donau-Ries,2012,0.38988,1,2,1
09779,Donau-Ries,2013,0.3675,1,2,1
09779,Donau-Ries,2014,0.37134,1,2,1
09779,Donau-Ries,2015,0.35905,1,2,1
09779,Donau-Ries,2016,0.35255,1,2,1
09779,Donau-Ries,2017,0.36099,1,2,1
09779,Donau-Ries,2018,0.34857,1,2,1
09779,Donau-Ries,2019,0.35996,1,2,1
09779,Donau-Ries,2020,0.34626,1,1,1
09779,Donau-Ries,2021,0.36195,1,2,1
09780,Oberallgäu,1998,0.39618,1,2,1
09780,Oberallgäu,1999,0.40748,2,3,2
09780,Oberallgäu,2000,0.36567,2,3,2
09780,Oberallgäu,2001,0.35444,1,2,1
09780,Oberallgäu,2002,0.3737,1,2,1
09780,Oberallgäu,2003,0.39936,2,3,2
09780,Oberallgäu,2004,0.38448,2,3,2
09780,Oberallgäu,2005,0.38942,1,2,1
09780,Oberallgäu,2006,0.39076,1,2,1
09780,Oberallgäu,2007,0.39362,1,2,1
09780,Oberallgäu,2008,0.43799,1,2,1
09780,Oberallgäu,2009,0.41233,1,2,1
09780,Oberallgäu,2010,0.41879,1,2,1
09780,Oberallgäu,2011,0.42049,1,2,1
09780,Oberallgäu,2012,0.39449,1,2,1
09780,Oberallgäu,2013,0.40079,1,2,1
09780,Oberallgäu,2014,0.40108,1,2,1
09780,Oberallgäu,2015,0.38949,1,2,1
09780,Oberallgäu,2016,0.37604,1,2,1
09780,Oberallgäu,2017,0.39429,1,2,1
09780,Oberallgäu,2018,0.37346,1,2,1
09780,Oberallgäu,2019,0.3599,1,2,1
09780,Oberallgäu,2020,0.36985,1,2,1
09780,Oberallgäu,2021,0.34214,1,2,1
10041,Regionalverband Saarbrücken,1998,0.70666,4,8,2
10041,Regionalverband Saarbrücken,1999,0.70665,4,8,2
10041,Regionalverband Saarbrücken,2000,0.63348,4,8,2
10041,Regionalverband Saarbrücken,2001,0.64853,4,8,2
10041,Regionalverband Saarbrücken,2002,0.59926,4,7,2
10041,Regionalverband Saarbrücken,2003,0.61736,4,7,2
10041,Regionalverband Saarbrücken,2004,0.6056,4,7,2
10041,Regionalverband Saarbrücken,2005,0.60866,4,7,2
10041,Regionalverband Saarbrücken,2006,0.64167,4,7,2
10041,Regionalverband Saarbrücken,2007,0.66039,4,7,2
10041,Regionalverband Saarbrücken,2008,0.71107,4,8,2
10041,Regionalverband Saarbrücken,2009,0.70099,4,8,2
10041,Regionalverband Saarbrücken,2010,0.6864,4,8,2
10041,Regionalverband Saarbrücken,2011,0.67033,4,7,2
10041,Regionalverband Saarbrücken,2012,0.66806,4,8,2
10041,Regionalverband Saarbrücken,2013,0.69428,4,8,2
10041,Regionalverband Saarbrücken,2014,0.70565,4,8,2
10041,Regionalverband Saarbrücken,2015,0.68234,4,8,2
10041,Regionalverband Saarbrücken,2016,0.70151,5,9,3
10041,Regionalverband Saarbrücken,2017,0.69067,4,8,2
10041,Regionalverband Saarbrücken,2018,0.73058,5,9,3
10041,Regionalverband Saarbrücken,2019,0.71751,5,9,3
10041,Regionalverband Saarbrücken,2020,0.73102,5,9,3
10041,Regionalverband Saarbrücken,2021,0.67907,5,9,3
10042,Merzig-Wadern,1998,0.70651,4,8,2
10042,Merzig-Wadern,1999,0.66845,4,8,2
10042,Merzig-Wadern,2000,0.56882,4,7,2
10042,Merzig-Wadern,2001,0.62784,4,8,2
10042,Merzig-Wadern,2002,0.6117,4,7,2
10042,Merzig-Wadern,2003,0.62328,4,7,2
10042,Merzig-Wadern,2004,0.58011,4,7,2
10042,Merzig-Wadern,2005,0.63917,4,7,2
10042,Merzig-Wadern,2006,0.65726,4,7,2
10042,Merzig-Wadern,2007,0.68531,4,8,2
10042,Merzig-Wadern,2008,0.73257,4,8,2
10042,Merzig-Wadern,2009,0.71054,4,8,2
10042,Merzig-Wadern,2010,0.70659,4,8,2
10042,Merzig-Wadern,2011,0.67822,4,8,2
10042,Merzig-Wadern,2012,0.71448,4,8,2
10042,Merzig-Wadern,2013,0.73526,5,9,3
10042,Merzig-Wadern,2014,0.73321,5,9,3
10042,Merzig-Wadern,2015,0.68453,4,8,2
10042,Merzig-Wadern,2016,0.72201,5,9,3
10042,Merzig-Wadern,2017,0.72103,5,9,3
10042,Merzig-Wadern,2018,0.71345,5,9,3
10042,Merzig-Wadern,2019,0.68222,4,8,2
10042,Merzig-Wadern,2020,0.67852,4,8,2
10042,Merzig-Wadern,2021,0.64787,4,8,2
10043,Neunkirchen,1998,0.72817,4,8,2
10043,Neunkirchen,1999,0.71897,4,8,2
10043,Neunkirchen,2000,0.6474,4,8,2
10043,Neunkirchen,2001,0.66074,4,8,2
10043,Neunkirchen,2002,0.65389,4,8,2
10043,Neunkirchen,2003,0.64789,4,8,2
10043,Neunkirchen,2004,0.6287,4,8,2
10043,Neunkirchen,2005,0.66828,4,8,2
10043,Neunkirchen,2006,0.67646,4,8,2
10043,Neunkirchen,2007,0.7114,4,8,2
10043,Neunkirchen,2008,0.73045,4,8,2
10043,Neunkirchen,2009,0.7277,4,8,2
10043,Neunkirchen,2010,0.7129,4,8,2
10043,Neunkirchen,2011,0.71567,4,8,2
10043,Neunkirchen,2012,0.7248,5,9,3
10043,Neunkirchen,2013,0.72908,5,9,3
10043,Neunkirchen,2014,0.73724,5,9,3
10043,Neunkirchen,2015,0.70706,5,9,3
10043,Neunkirchen,2016,0.72655,5,9,3
10043,Neunkirchen,2017,0.72228,5,9,3
10043,Neunkirchen,2018,0.73876,5,9,3
10043,Neunkirchen,2019,0.76337,5,10,3
10043,Neunkirchen,2020,0.77604,5,10,3
10043,Neunkirchen,2021,0.73291,5,10,3
10044,Saarlouis,1998,0.63662,4,7,2
10044,Saarlouis,1999,0.63789,4,8,2
10044,Saarlouis,2000,0.56119,4,7,2
10044,Saarlouis,2001,0.58368,4,7,2
10044,Saarlouis,2002,0.54427,3,6,2
10044,Saarlouis,2003,0.55609,3,6,2
10044,Saarlouis,2004,0.53861,3,6,2
10044,Saarlouis,2005,0.55643,3,6,2
10044,Saarlouis,2006,0.569,3,6,2
10044,Saarlouis,2007,0.61239,4,7,2
10044,Saarlouis,2008,0.64432,3,6,2
10044,Saarlouis,2009,0.62409,3,6,2
10044,Saarlouis,2010,0.61947,3,6,2
10044,Saarlouis,2011,0.59478,3,6,2
10044,Saarlouis,2012,0.63706,4,7,2
10044,Saarlouis,2013,0.62522,4,7,2
10044,Saarlouis,2014,0.63603,4,7,2
10044,Saarlouis,2015,0.61178,4,7,2
10044,Saarlouis,2016,0.60238,4,7,2
10044,Saarlouis,2017,0.6176,4,7,2
10044,Saarlouis,2018,0.61694,4,7,2
10044,Saarlouis,2019,0.62726,4,7,2
10044,Saarlouis,2020,0.61757,4,7,2
10044,Saarlouis,2021,0.59657,4,7,2
10045,Saarpfalz-Kreis,1998,0.51059,2,4,2
10045,Saarpfalz-Kreis,1999,0.51814,3,5,2
10045,Saarpfalz-Kreis,2000,0.47216,3,5,2
10045,Saarpfalz-Kreis,2001,0.47566,2,4,2
10045,Saarpfalz-Kreis,2002,0.48127,2,4,2
10045,Saarpfalz-Kreis,2003,0.45404,2,4,2
10045,Saarpfalz-Kreis,2004,0.45114,2,4,2
10045,Saarpfalz-Kreis,2005,0.45266,2,3,2
10045,Saarpfalz-Kreis,2006,0.49246,2,4,2
10045,Saarpfalz-Kreis,2007,0.45949,2,3,2
10045,Saarpfalz-Kreis,2008,0.52896,2,4,2
10045,Saarpfalz-Kreis,2009,0.52929,2,4,2
10045,Saarpfalz-Kreis,2010,0.54009,2,4,2
10045,Saarpfalz-Kreis,2011,0.48594,2,3,2
10045,Saarpfalz-Kreis,2012,0.50123,2,4,2
10045,Saarpfalz-Kreis,2013,0.50802,2,4,2
10045,Saarpfalz-Kreis,2014,0.51513,2,4,2
10045,Saarpfalz-Kreis,2015,0.48793,2,4,2
10045,Saarpfalz-Kreis,2016,0.47562,2,4,2
10045,Saarpfalz-Kreis,2017,0.4947,2,4,2
10045,Saarpfalz-Kreis,2018,0.49781,2,4,2
10045,Saarpfalz-Kreis,2019,0.51178,3,5,2
10045,Saarpfalz-Kreis,2020,0.52206,3,5,2
10045,Saarpfalz-Kreis,2021,0.49468,3,5,2
10046,St. Wendel,1998,0.55741,3,6,2
10046,St. Wendel,1999,0.55859,3,6,2
10046,St. Wendel,2000,0.43172,2,4,2
10046,St. Wendel,2001,0.45912,2,4,2
10046,St. Wendel,2002,0.48725,2,4,2
10046,St. Wendel,2003,0.45431,2,4,2
10046,St. Wendel,2004,0.44212,2,3,2
10046,St. Wendel,2005,0.4771,2,4,2
10046,St. Wendel,2006,0.50125,2,4,2
10046,St. Wendel,2007,0.51692,2,4,2
10046,St. Wendel,2008,0.54787,2,4,2
10046,St. Wendel,2009,0.50659,2,3,2
10046,St. Wendel,2010,0.49199,2,3,2
10046,St. Wendel,2011,0.48801,2,3,2
10046,St. Wendel,2012,0.50314,2,4,2
10046,St. Wendel,2013,0.5155,2,4,2
10046,St. Wendel,2014,0.60927,3,6,2
10046,St. Wendel,2015,0.57342,3,6,2
10046,St. Wendel,2016,0.52753,3,5,2
10046,St. Wendel,2017,0.55908,3,6,2
10046,St. Wendel,2018,0.54573,3,5,2
10046,St. Wendel,2019,0.5539,3,6,2
10046,St. Wendel,2020,0.52677,3,5,2
10046,St. Wendel,2021,0.51029,3,5,2
11000,"Berlin, Stadt",1998,0.80318,5,9,3
11000,"Berlin, Stadt",1999,0.77976,5,9,3
11000,"Berlin, Stadt",2000,0.692,4,8,2
11000,"Berlin, Stadt",2001,0.69567,4,8,2
11000,"Berlin, Stadt",2002,0.70001,5,9,3
11000,"Berlin, Stadt",2003,0.72133,5,9,3
11000,"Berlin, Stadt",2004,0.73179,5,9,3
11000,"Berlin, Stadt",2005,0.75528,5,9,3
11000,"Berlin, Stadt",2006,0.77237,5,9,3
11000,"Berlin, Stadt",2007,0.80311,5,9,3
11000,"Berlin, Stadt",2008,0.83286,5,9,3
11000,"Berlin, Stadt",2009,0.78807,5,9,3
11000,"Berlin, Stadt",2010,0.8062,5,9,3
11000,"Berlin, Stadt",2011,0.78011,5,9,3
11000,"Berlin, Stadt",2012,0.72685,5,9,3
11000,"Berlin, Stadt",2013,0.71908,4,8,2
11000,"Berlin, Stadt",2014,0.73358,5,9,3
11000,"Berlin, Stadt",2015,0.69992,4,8,2
11000,"Berlin, Stadt",2016,0.63945,4,8,2
11000,"Berlin, Stadt",2017,0.64902,4,7,2
11000,"Berlin, Stadt",2018,0.63994,4,7,2
11000,"Berlin, Stadt",2019,0.60385,4,7,2
11000,"Berlin, Stadt",2020,0.57729,3,6,2
11000,"Berlin, Stadt",2021,0.5354,3,6,2
12051,"Brandenburg an der Havel, Stadt",1998,0.91942,5,10,3
12051,"Brandenburg an der Havel, Stadt",1999,0.93933,5,10,3
12051,"Brandenburg an der Havel, Stadt",2000,0.90519,5,10,3
12051,"Brandenburg an der Havel, Stadt",2001,0.87813,5,10,3
12051,"Brandenburg an der Havel, Stadt",2002,0.86498,5,10,3
12051,"Brandenburg an der Havel, Stadt",2003,0.87185,5,10,3
12051,"Brandenburg an der Havel, Stadt",2004,0.87935,5,10,3
12051,"Brandenburg an der Havel, Stadt",2005,0.90116,5,10,3
12051,"Brandenburg an der Havel, Stadt",2006,0.95528,5,10,3
12051,"Brandenburg an der Havel, Stadt",2007,1,5,10,3
12051,"Brandenburg an der Havel, Stadt",2008,0.9316,5,10,3
12051,"Brandenburg an der Havel, Stadt",2009,0.90473,5,10,3
12051,"Brandenburg an der Havel, Stadt",2010,0.93211,5,10,3
12051,"Brandenburg an der Havel, Stadt",2011,0.92471,5,10,3
12051,"Brandenburg an der Havel, Stadt",2012,0.88453,5,10,3
12051,"Brandenburg an der Havel, Stadt",2013,0.86982,5,10,3
12051,"Brandenburg an der Havel, Stadt",2014,0.89531,5,10,3
12051,"Brandenburg an der Havel, Stadt",2015,0.87951,5,10,3
12051,"Brandenburg an der Havel, Stadt",2016,0.84119,5,10,3
12051,"Brandenburg an der Havel, Stadt",2017,0.82941,5,10,3
12051,"Brandenburg an der Havel, Stadt",2018,0.83239,5,10,3
12051,"Brandenburg an der Havel, Stadt",2019,0.81415,5,10,3
12051,"Brandenburg an der Havel, Stadt",2020,0.79344,5,10,3
12051,"Brandenburg an der Havel, Stadt",2021,0.7307,5,10,3
12052,"Cottbus, Stadt",1998,0.71063,4,8,2
12052,"Cottbus, Stadt",1999,0.69978,4,8,2
12052,"Cottbus, Stadt",2000,0.67942,4,8,2
12052,"Cottbus, Stadt",2001,0.66669,4,8,2
12052,"Cottbus, Stadt",2002,0.62436,4,8,2
12052,"Cottbus, Stadt",2003,0.63253,4,8,2
12052,"Cottbus, Stadt",2004,0.65016,4,8,2
12052,"Cottbus, Stadt",2005,0.67589,4,8,2
12052,"Cottbus, Stadt",2006,0.71993,4,8,2
12052,"Cottbus, Stadt",2007,0.77318,5,9,3
12052,"Cottbus, Stadt",2008,0.75891,4,8,2
12052,"Cottbus, Stadt",2009,0.71236,4,8,2
12052,"Cottbus, Stadt",2010,0.71955,4,8,2
12052,"Cottbus, Stadt",2011,0.71603000000000006,4,8,2
12052,"Cottbus, Stadt",2012,0.74856,5,9,3
12052,"Cottbus, Stadt",2013,0.73958,5,9,3
12052,"Cottbus, Stadt",2014,0.74289,5,9,3
12052,"Cottbus, Stadt",2015,0.71681,5,9,3
12052,"Cottbus, Stadt",2016,0.69041,5,9,3
12052,"Cottbus, Stadt",2017,0.70118,5,9,3
12052,"Cottbus, Stadt",2018,0.72207,5,9,3
12052,"Cottbus, Stadt",2019,0.66439,4,8,2
12052,"Cottbus, Stadt",2020,0.63676,4,7,2
12052,"Cottbus, Stadt",2021,0.61821,4,7,2
12053,"Frankfurt (Oder), Stadt",1998,0.78587,5,9,3
12053,"Frankfurt (Oder), Stadt",1999,0.79956,5,9,3
12053,"Frankfurt (Oder), Stadt",2000,0.78647,5,9,3
12053,"Frankfurt (Oder), Stadt",2001,0.81348,5,10,3
12053,"Frankfurt (Oder), Stadt",2002,0.74679,5,9,3
12053,"Frankfurt (Oder), Stadt",2003,0.77855,5,10,3
12053,"Frankfurt (Oder), Stadt",2004,0.82338,5,10,3
12053,"Frankfurt (Oder), Stadt",2005,0.81748,5,10,3
12053,"Frankfurt (Oder), Stadt",2006,0.83211,5,10,3
12053,"Frankfurt (Oder), Stadt",2007,0.84699,5,10,3
12053,"Frankfurt (Oder), Stadt",2008,0.86298,5,10,3
12053,"Frankfurt (Oder), Stadt",2009,0.82243,5,9,3
12053,"Frankfurt (Oder), Stadt",2010,0.81903,5,9,3
12053,"Frankfurt (Oder), Stadt",2011,0.79524,5,9,3
12053,"Frankfurt (Oder), Stadt",2012,0.83816,5,10,3
12053,"Frankfurt (Oder), Stadt",2013,0.81277,5,10,3
12053,"Frankfurt (Oder), Stadt",2014,0.82449,5,10,3
12053,"Frankfurt (Oder), Stadt",2015,0.74709,5,9,3
12053,"Frankfurt (Oder), Stadt",2016,0.72163,5,9,3
12053,"Frankfurt (Oder), Stadt",2017,0.73753,5,9,3
12053,"Frankfurt (Oder), Stadt",2018,0.77008,5,10,3
12053,"Frankfurt (Oder), Stadt",2019,0.75273,5,10,3
12053,"Frankfurt (Oder), Stadt",2020,0.69574,5,9,3
12053,"Frankfurt (Oder), Stadt",2021,0.68418,5,9,3
12054,"Potsdam, Stadt",1998,0.50195,2,4,2
12054,"Potsdam, Stadt",1999,0.52808,3,5,2
12054,"Potsdam, Stadt",2000,0.50188,3,6,2
12054,"Potsdam, Stadt",2001,0.50468,3,6,2
12054,"Potsdam, Stadt",2002,0.50622,3,5,2
12054,"Potsdam, Stadt",2003,0.50773,3,5,2
12054,"Potsdam, Stadt",2004,0.54677,3,6,2
12054,"Potsdam, Stadt",2005,0.5456,3,5,2
12054,"Potsdam, Stadt",2006,0.58071,3,6,2
12054,"Potsdam, Stadt",2007,0.56799,3,6,2
12054,"Potsdam, Stadt",2008,0.59457,3,5,2
12054,"Potsdam, Stadt",2009,0.53987,2,4,2
12054,"Potsdam, Stadt",2010,0.55189,3,5,2
12054,"Potsdam, Stadt",2011,0.54905,3,5,2
12054,"Potsdam, Stadt",2012,0.5288,3,5,2
12054,"Potsdam, Stadt",2013,0.50332,2,4,2
12054,"Potsdam, Stadt",2014,0.50693,2,4,2
12054,"Potsdam, Stadt",2015,0.47274,2,3,2
12054,"Potsdam, Stadt",2016,0.43383,2,3,2
12054,"Potsdam, Stadt",2017,0.43078,2,3,2
12054,"Potsdam, Stadt",2018,0.44567,2,3,2
12054,"Potsdam, Stadt",2019,0.45339,2,3,2
12054,"Potsdam, Stadt",2020,0.4343,2,3,2
12054,"Potsdam, Stadt",2021,0.41073,2,3,2
12060,Barnim,1998,0.82007,5,9,3
12060,Barnim,1999,0.8329,5,10,3
12060,Barnim,2000,0.79437,5,10,3
12060,Barnim,2001,0.77201,5,9,3
12060,Barnim,2002,0.77004,5,10,3
12060,Barnim,2003,0.75256,5,9,3
12060,Barnim,2004,0.76723,5,9,3
12060,Barnim,2005,0.75682,5,9,3
12060,Barnim,2006,0.78388,5,9,3
12060,Barnim,2007,0.80527,5,9,3
12060,Barnim,2008,0.80666,5,9,3
12060,Barnim,2009,0.74074,5,9,3
12060,Barnim,2010,0.71205,4,8,2
12060,Barnim,2011,0.73799,5,9,3
12060,Barnim,2012,0.75472,5,9,3
12060,Barnim,2013,0.70997,4,8,2
12060,Barnim,2014,0.72481,4,8,2
12060,Barnim,2015,0.67218,4,8,2
12060,Barnim,2016,0.64124,4,8,2
12060,Barnim,2017,0.6488,4,7,2
12060,Barnim,2018,0.66059,4,8,2
12060,Barnim,2019,0.63136,4,7,2
12060,Barnim,2020,0.61996,4,7,2
12060,Barnim,2021,0.58864,4,7,2
12061,Dahme-Spreewald,1998,0.67106,4,8,2
12061,Dahme-Spreewald,1999,0.69312,4,8,2
12061,Dahme-Spreewald,2000,0.62877,4,8,2
12061,Dahme-Spreewald,2001,0.63247,4,8,2
12061,Dahme-Spreewald,2002,0.64035,4,8,2
12061,Dahme-Spreewald,2003,0.64416,4,8,2
12061,Dahme-Spreewald,2004,0.6587,4,8,2
12061,Dahme-Spreewald,2005,0.6692,4,8,2
12061,Dahme-Spreewald,2006,0.68667,4,8,2
12061,Dahme-Spreewald,2007,0.69746,4,8,2
12061,Dahme-Spreewald,2008,0.70851,4,8,2
12061,Dahme-Spreewald,2009,0.65342,4,7,2
12061,Dahme-Spreewald,2010,0.65368,4,7,2
12061,Dahme-Spreewald,2011,0.62817,4,7,2
12061,Dahme-Spreewald,2012,0.64932,4,7,2
12061,Dahme-Spreewald,2013,0.65405,4,7,2
12061,Dahme-Spreewald,2014,0.6458,4,7,2
12061,Dahme-Spreewald,2015,0.61577,4,7,2
12061,Dahme-Spreewald,2016,0.57567,3,6,2
12061,Dahme-Spreewald,2017,0.56325,3,6,2
12061,Dahme-Spreewald,2018,0.58484,3,6,2
12061,Dahme-Spreewald,2019,0.55728,3,6,2
12061,Dahme-Spreewald,2020,0.53936,3,5,2
12061,Dahme-Spreewald,2021,0.52237,3,5,2
12062,Elbe-Elster,1998,0.78939,5,9,3
12062,Elbe-Elster,1999,0.80238,5,9,3
12062,Elbe-Elster,2000,0.77522,5,9,3
12062,Elbe-Elster,2001,0.78978,5,9,3
12062,Elbe-Elster,2002,0.78606,5,10,3
12062,Elbe-Elster,2003,0.82103,5,10,3
12062,Elbe-Elster,2004,0.84511,5,10,3
12062,Elbe-Elster,2005,0.85186,5,10,3
12062,Elbe-Elster,2006,0.88694,5,10,3
12062,Elbe-Elster,2007,0.90271,5,10,3
12062,Elbe-Elster,2008,0.9456,5,10,3
12062,Elbe-Elster,2009,0.87566,5,10,3
12062,Elbe-Elster,2010,0.83366,5,9,3
12062,Elbe-Elster,2011,0.85256,5,10,3
12062,Elbe-Elster,2012,0.84269,5,10,3
12062,Elbe-Elster,2013,0.82486,5,10,3
12062,Elbe-Elster,2014,0.81855,5,10,3
12062,Elbe-Elster,2015,0.7584,5,9,3
12062,Elbe-Elster,2016,0.72367,5,9,3
12062,Elbe-Elster,2017,0.74229,5,9,3
12062,Elbe-Elster,2018,0.72213,5,9,3
12062,Elbe-Elster,2019,0.70287,5,9,3
12062,Elbe-Elster,2020,0.67971,4,8,2
12062,Elbe-Elster,2021,0.66157,5,9,3
12063,Havelland,1998,0.87283,5,10,3
12063,Havelland,1999,0.86791,5,10,3
12063,Havelland,2000,0.83049,5,10,3
12063,Havelland,2001,0.80101,5,10,3
12063,Havelland,2002,0.78694,5,10,3
12063,Havelland,2003,0.78793,5,10,3
12063,Havelland,2004,0.84417,5,10,3
12063,Havelland,2005,0.85245,5,10,3
12063,Havelland,2006,0.85807,5,10,3
12063,Havelland,2007,0.86882,5,10,3
12063,Havelland,2008,0.88659,5,10,3
12063,Havelland,2009,0.84724,5,10,3
12063,Havelland,2010,0.83497,5,9,3
12063,Havelland,2011,0.79539,5,9,3
12063,Havelland,2012,0.81571,5,10,3
12063,Havelland,2013,0.79401,5,9,3
12063,Havelland,2014,0.80732,5,10,3
12063,Havelland,2015,0.72665,5,9,3
12063,Havelland,2016,0.68638,5,9,3
12063,Havelland,2017,0.69288,4,8,2
12063,Havelland,2018,0.69507,4,8,2
12063,Havelland,2019,0.67157,4,8,2
12063,Havelland,2020,0.66081,4,8,2
12063,Havelland,2021,0.61703,4,7,2
12064,Märkisch-Oderland,1998,0.79114,5,9,3
12064,Märkisch-Oderland,1999,0.80958,5,9,3
12064,Märkisch-Oderland,2000,0.78896,5,9,3
12064,Märkisch-Oderland,2001,0.79226,5,9,3
12064,Märkisch-Oderland,2002,0.76888,5,9,3
12064,Märkisch-Oderland,2003,0.76692,5,9,3
12064,Märkisch-Oderland,2004,0.79107,5,10,3
12064,Märkisch-Oderland,2005,0.80548,5,9,3
12064,Märkisch-Oderland,2006,0.8168,5,9,3
12064,Märkisch-Oderland,2007,0.83513,5,10,3
12064,Märkisch-Oderland,2008,0.83849,5,9,3
12064,Märkisch-Oderland,2009,0.76834,5,9,3
12064,Märkisch-Oderland,2010,0.78769,5,9,3
12064,Märkisch-Oderland,2011,0.75401,5,9,3
12064,Märkisch-Oderland,2012,0.76688,5,9,3
12064,Märkisch-Oderland,2013,0.75071,5,9,3
12064,Märkisch-Oderland,2014,0.73992,5,9,3
12064,Märkisch-Oderland,2015,0.73282,5,9,3
12064,Märkisch-Oderland,2016,0.68456,5,9,3
12064,Märkisch-Oderland,2017,0.67524,4,8,2
12064,Märkisch-Oderland,2018,0.69281,4,8,2
12064,Märkisch-Oderland,2019,0.67754,4,8,2
12064,Märkisch-Oderland,2020,0.63298,4,7,2
12064,Märkisch-Oderland,2021,0.61877,4,8,2
12065,Oberhavel,1998,0.75292,4,8,2
12065,Oberhavel,1999,0.75672,5,9,3
12065,Oberhavel,2000,0.71416,5,9,3
12065,Oberhavel,2001,0.72154,5,9,3
12065,Oberhavel,2002,0.69923,5,9,3
12065,Oberhavel,2003,0.69922,5,9,3
12065,Oberhavel,2004,0.72166,5,9,3
12065,Oberhavel,2005,0.73127,5,9,3
12065,Oberhavel,2006,0.75544,5,9,3
12065,Oberhavel,2007,0.75881,5,9,3
12065,Oberhavel,2008,0.79754,5,9,3
12065,Oberhavel,2009,0.73819,5,9,3
12065,Oberhavel,2010,0.73506,4,8,2
12065,Oberhavel,2011,0.7476,5,9,3
12065,Oberhavel,2012,0.71539,4,8,2
12065,Oberhavel,2013,0.69905,4,8,2
12065,Oberhavel,2014,0.71598,4,8,2
12065,Oberhavel,2015,0.65824,4,8,2
12065,Oberhavel,2016,0.63562,4,8,2
12065,Oberhavel,2017,0.63484,4,7,2
12065,Oberhavel,2018,0.61543,4,7,2
12065,Oberhavel,2019,0.60727,4,7,2
12065,Oberhavel,2020,0.57571,3,6,2
12065,Oberhavel,2021,0.56923,3,6,2
12066,Oberspreewald-Lausitz,1998,0.81991,5,9,3
12066,Oberspreewald-Lausitz,1999,0.83597,5,10,3
12066,Oberspreewald-Lausitz,2000,0.80422,5,10,3
12066,Oberspreewald-Lausitz,2001,0.83173,5,10,3
12066,Oberspreewald-Lausitz,2002,0.78622,5,10,3
12066,Oberspreewald-Lausitz,2003,0.79328,5,10,3
12066,Oberspreewald-Lausitz,2004,0.81798,5,10,3
12066,Oberspreewald-Lausitz,2005,0.85708,5,10,3
12066,Oberspreewald-Lausitz,2006,0.88277,5,10,3
12066,Oberspreewald-Lausitz,2007,0.87118,5,10,3
12066,Oberspreewald-Lausitz,2008,0.91073,5,10,3
12066,Oberspreewald-Lausitz,2009,0.85735,5,10,3
12066,Oberspreewald-Lausitz,2010,0.88394,5,10,3
12066,Oberspreewald-Lausitz,2011,0.83946,5,10,3
12066,Oberspreewald-Lausitz,2012,0.83784,5,10,3
12066,Oberspreewald-Lausitz,2013,0.79923,5,9,3
12066,Oberspreewald-Lausitz,2014,0.81883,5,10,3
12066,Oberspreewald-Lausitz,2015,0.76445,5,9,3
12066,Oberspreewald-Lausitz,2016,0.74152,5,10,3
12066,Oberspreewald-Lausitz,2017,0.72193,5,9,3
12066,Oberspreewald-Lausitz,2018,0.71872,5,9,3
12066,Oberspreewald-Lausitz,2019,0.71105,5,9,3
12066,Oberspreewald-Lausitz,2020,0.65882,4,8,2
12066,Oberspreewald-Lausitz,2021,0.68591,5,9,3
12067,Oder-Spree,1998,0.75501,5,9,3
12067,Oder-Spree,1999,0.76101,5,9,3
12067,Oder-Spree,2000,0.7261,5,9,3
12067,Oder-Spree,2001,0.73342,5,9,3
12067,Oder-Spree,2002,0.71608,5,9,3
12067,Oder-Spree,2003,0.729,5,9,3
12067,Oder-Spree,2004,0.75147,5,9,3
12067,Oder-Spree,2005,0.78554,5,9,3
12067,Oder-Spree,2006,0.79534,5,9,3
12067,Oder-Spree,2007,0.80959,5,9,3
12067,Oder-Spree,2008,0.82777,5,9,3
12067,Oder-Spree,2009,0.77329,5,9,3
12067,Oder-Spree,2010,0.75181,5,9,3
12067,Oder-Spree,2011,0.73455,5,9,3
12067,Oder-Spree,2012,0.73896,5,9,3
12067,Oder-Spree,2013,0.72965,5,9,3
12067,Oder-Spree,2014,0.74557,5,9,3
12067,Oder-Spree,2015,0.71801,5,9,3
12067,Oder-Spree,2016,0.6721,4,8,2
12067,Oder-Spree,2017,0.67638,4,8,2
12067,Oder-Spree,2018,0.69592,4,8,2
12067,Oder-Spree,2019,0.66157,4,8,2
12067,Oder-Spree,2020,0.63044,4,7,2
12067,Oder-Spree,2021,0.60851,4,7,2
12068,Ostprignitz-Ruppin,1998,0.91266,5,10,3
12068,Ostprignitz-Ruppin,1999,0.91795,5,10,3
12068,Ostprignitz-Ruppin,2000,0.8721,5,10,3
12068,Ostprignitz-Ruppin,2001,0.89274,5,10,3
12068,Ostprignitz-Ruppin,2002,0.85256,5,10,3
12068,Ostprignitz-Ruppin,2003,0.86857,5,10,3
12068,Ostprignitz-Ruppin,2004,0.91381,5,10,3
12068,Ostprignitz-Ruppin,2005,0.90867,5,10,3
12068,Ostprignitz-Ruppin,2006,0.94727,5,10,3
12068,Ostprignitz-Ruppin,2007,0.97542,5,10,3
12068,Ostprignitz-Ruppin,2008,0.97279,5,10,3
12068,Ostprignitz-Ruppin,2009,0.89261,5,10,3
12068,Ostprignitz-Ruppin,2010,0.91376,5,10,3
12068,Ostprignitz-Ruppin,2011,0.90335,5,10,3
12068,Ostprignitz-Ruppin,2012,0.88407,5,10,3
12068,Ostprignitz-Ruppin,2013,0.86361,5,10,3
12068,Ostprignitz-Ruppin,2014,0.86759,5,10,3
12068,Ostprignitz-Ruppin,2015,0.83767,5,10,3
12068,Ostprignitz-Ruppin,2016,0.83334,5,10,3
12068,Ostprignitz-Ruppin,2017,0.83425,5,10,3
12068,Ostprignitz-Ruppin,2018,0.82687,5,10,3
12068,Ostprignitz-Ruppin,2019,0.80822,5,10,3
12068,Ostprignitz-Ruppin,2020,0.75017,5,10,3
12068,Ostprignitz-Ruppin,2021,0.73149,5,10,3
12069,Potsdam-Mittelmark,1998,0.59475,4,7,2
12069,Potsdam-Mittelmark,1999,0.61169,4,7,2
12069,Potsdam-Mittelmark,2000,0.58339,4,8,2
12069,Potsdam-Mittelmark,2001,0.59059,4,7,2
12069,Potsdam-Mittelmark,2002,0.58958,4,7,2
12069,Potsdam-Mittelmark,2003,0.59401,4,7,2
12069,Potsdam-Mittelmark,2004,0.60245,4,7,2
12069,Potsdam-Mittelmark,2005,0.62362,4,7,2
12069,Potsdam-Mittelmark,2006,0.63227,4,7,2
12069,Potsdam-Mittelmark,2007,0.62724,4,7,2
12069,Potsdam-Mittelmark,2008,0.65238,4,7,2
12069,Potsdam-Mittelmark,2009,0.58353,3,5,2
12069,Potsdam-Mittelmark,2010,0.58734,3,5,2
12069,Potsdam-Mittelmark,2011,0.5623,3,5,2
12069,Potsdam-Mittelmark,2012,0.57252,3,6,2
12069,Potsdam-Mittelmark,2013,0.5491,3,5,2
12069,Potsdam-Mittelmark,2014,0.55985,3,5,2
12069,Potsdam-Mittelmark,2015,0.5451,3,5,2
12069,Potsdam-Mittelmark,2016,0.52158,3,5,2
12069,Potsdam-Mittelmark,2017,0.50812,2,4,2
12069,Potsdam-Mittelmark,2018,0.49196,2,4,2
12069,Potsdam-Mittelmark,2019,0.50126,2,4,2
12069,Potsdam-Mittelmark,2020,0.48548,2,4,2
12069,Potsdam-Mittelmark,2021,0.45263,2,3,2
12070,Prignitz,1998,0.88316,5,10,3
12070,Prignitz,1999,0.91419,5,10,3
12070,Prignitz,2000,0.89624,5,10,3
12070,Prignitz,2001,0.90532,5,10,3
12070,Prignitz,2002,0.87328,5,10,3
12070,Prignitz,2003,0.90703,5,10,3
12070,Prignitz,2004,0.95151,5,10,3
12070,Prignitz,2005,0.98589,5,10,3
12070,Prignitz,2006,1,5,10,3
12070,Prignitz,2007,0.97911,5,10,3
12070,Prignitz,2008,0.99189,5,10,3
12070,Prignitz,2009,0.93469,5,10,3
12070,Prignitz,2010,0.96983,5,10,3
12070,Prignitz,2011,0.9536,5,10,3
12070,Prignitz,2012,0.94826,5,10,3
12070,Prignitz,2013,0.91698,5,10,3
12070,Prignitz,2014,0.88571,5,10,3
12070,Prignitz,2015,0.8892,5,10,3
12070,Prignitz,2016,0.89312,5,10,3
12070,Prignitz,2017,0.85298,5,10,3
12070,Prignitz,2018,0.87083,5,10,3
12070,Prignitz,2019,0.86128,5,10,3
12070,Prignitz,2020,0.83729,5,10,3
12070,Prignitz,2021,0.79978,5,10,3
12071,Spree-Neiße,1998,0.77437,5,9,3
12071,Spree-Neiße,1999,0.78143,5,9,3
12071,Spree-Neiße,2000,0.74648,5,9,3
12071,Spree-Neiße,2001,0.7407,5,9,3
12071,Spree-Neiße,2002,0.72049,5,9,3
12071,Spree-Neiße,2003,0.73331,5,9,3
12071,Spree-Neiße,2004,0.76095,5,9,3
12071,Spree-Neiße,2005,0.79224000000000006,5,9,3
12071,Spree-Neiße,2006,0.79718,5,9,3
12071,Spree-Neiße,2007,0.78239,5,9,3
12071,Spree-Neiße,2008,0.82253,5,9,3
12071,Spree-Neiße,2009,0.73452,5,9,3
12071,Spree-Neiße,2010,0.72409,4,8,2
12071,Spree-Neiße,2011,0.7226,5,9,3
12071,Spree-Neiße,2012,0.7342,5,9,3
12071,Spree-Neiße,2013,0.7467,5,9,3
12071,Spree-Neiße,2014,0.7996,5,9,3
12071,Spree-Neiße,2015,0.71789,5,9,3
12071,Spree-Neiße,2016,0.67535,4,8,2
12071,Spree-Neiße,2017,0.6929,5,9,3
12071,Spree-Neiße,2018,0.73549,5,9,3
12071,Spree-Neiße,2019,0.70956,5,9,3
12071,Spree-Neiße,2020,0.66485,4,8,2
12071,Spree-Neiße,2021,0.64069,4,8,2
12072,Teltow-Fläming,1998,0.72479,4,8,2
12072,Teltow-Fläming,1999,0.76231,5,9,3
12072,Teltow-Fläming,2000,0.75952,5,9,3
12072,Teltow-Fläming,2001,0.77303,5,9,3
12072,Teltow-Fläming,2002,0.70683,5,9,3
12072,Teltow-Fläming,2003,0.71734,5,9,3
12072,Teltow-Fläming,2004,0.73954,5,9,3
12072,Teltow-Fläming,2005,0.75595,5,9,3
12072,Teltow-Fläming,2006,0.78769,5,9,3
12072,Teltow-Fläming,2007,0.77791,5,9,3
12072,Teltow-Fläming,2008,0.78421,5,9,3
12072,Teltow-Fläming,2009,0.74416,5,9,3
12072,Teltow-Fläming,2010,0.7475,5,9,3
12072,Teltow-Fläming,2011,0.73854,5,9,3
12072,Teltow-Fläming,2012,0.71926,5,9,3
12072,Teltow-Fläming,2013,0.72784,5,9,3
12072,Teltow-Fläming,2014,0.74894,5,9,3
12072,Teltow-Fläming,2015,0.68936,4,8,2
12072,Teltow-Fläming,2016,0.66072,4,8,2
12072,Teltow-Fläming,2017,0.67635,4,8,2
12072,Teltow-Fläming,2018,0.66107,4,8,2
12072,Teltow-Fläming,2019,0.64503,4,7,2
12072,Teltow-Fläming,2020,0.61647,4,7,2
12072,Teltow-Fläming,2021,0.62976,4,8,2
12073,Uckermark,1998,0.91284,5,10,3
12073,Uckermark,1999,0.92553,5,10,3
12073,Uckermark,2000,0.89504,5,10,3
12073,Uckermark,2001,0.89008,5,10,3
12073,Uckermark,2002,0.88516,5,10,3
12073,Uckermark,2003,0.90439,5,10,3
12073,Uckermark,2004,0.93008,5,10,3
12073,Uckermark,2005,0.95142,5,10,3
12073,Uckermark,2006,0.96385,5,10,3
12073,Uckermark,2007,0.9926,5,10,3
12073,Uckermark,2008,0.98362,5,10,3
12073,Uckermark,2009,0.92622,5,10,3
12073,Uckermark,2010,0.92277,5,10,3
12073,Uckermark,2011,0.9522,5,10,3
12073,Uckermark,2012,0.9343,5,10,3
12073,Uckermark,2013,0.91589,5,10,3
12073,Uckermark,2014,0.95116,5,10,3
12073,Uckermark,2015,0.88494,5,10,3
12073,Uckermark,2016,0.86712,5,10,3
12073,Uckermark,2017,0.86626,5,10,3
12073,Uckermark,2018,0.8724,5,10,3
12073,Uckermark,2019,0.83638,5,10,3
12073,Uckermark,2020,0.78572,5,10,3
12073,Uckermark,2021,0.78756,5,10,3
13003,Rostock,1998,0.80425,5,9,3
13003,Rostock,1999,0.77775,5,9,3
13003,Rostock,2000,0.7389,5,9,3
13003,Rostock,2001,0.80792,5,10,3
13003,Rostock,2002,0.73276,5,9,3
13003,Rostock,2003,0.74321,5,9,3
13003,Rostock,2004,0.75709,5,9,3
13003,Rostock,2005,0.80338,5,9,3
13003,Rostock,2006,0.82717,5,10,3
13003,Rostock,2007,0.82631,5,9,3
13003,Rostock,2008,0.85285,5,10,3
13003,Rostock,2009,0.8258,5,10,3
13003,Rostock,2010,0.82674,5,9,3
13003,Rostock,2011,0.82798,5,10,3
13003,Rostock,2012,0.76383,5,9,3
13003,Rostock,2013,0.80348,5,9,3
13003,Rostock,2014,0.74254,5,9,3
13003,Rostock,2015,0.72467,5,9,3
13003,Rostock,2016,0.71067,5,9,3
13003,Rostock,2017,0.70368,5,9,3
13003,Rostock,2018,0.69385,4,8,2
13003,Rostock,2019,0.69256,5,9,3
13003,Rostock,2020,0.66988,4,8,2
13003,Rostock,2021,0.63599000000000006,4,8,2
13004,Schwerin,1998,0.75875,5,9,3
13004,Schwerin,1999,0.804,5,9,3
13004,Schwerin,2000,0.75715,5,9,3
13004,Schwerin,2001,0.82407,5,10,3
13004,Schwerin,2002,0.71797,5,9,3
13004,Schwerin,2003,0.75464,5,9,3
13004,Schwerin,2004,0.75589,5,9,3
13004,Schwerin,2005,0.80974,5,10,3
13004,Schwerin,2006,0.87771,5,10,3
13004,Schwerin,2007,0.90292,5,10,3
13004,Schwerin,2008,0.878,5,10,3
13004,Schwerin,2009,0.83932,5,10,3
13004,Schwerin,2010,0.94849000000000006,5,10,3
13004,Schwerin,2011,0.8606,5,10,3
13004,Schwerin,2012,0.81403,5,10,3
13004,Schwerin,2013,0.83729,5,10,3
13004,Schwerin,2014,0.79492,5,9,3
13004,Schwerin,2015,0.76095,5,9,3
13004,Schwerin,2016,0.75211,5,10,3
13004,Schwerin,2017,0.74487,5,9,3
13004,Schwerin,2018,0.77477,5,10,3
13004,Schwerin,2019,0.75659,5,10,3
13004,Schwerin,2020,0.71322,5,9,3
13004,Schwerin,2021,0.70531,5,9,3
13071,Mecklenburgische Seenplatte,1998,0.87166,5,10,3
13071,Mecklenburgische Seenplatte,1999,0.87309,5,10,3
13071,Mecklenburgische Seenplatte,2000,0.85886,5,10,3
13071,Mecklenburgische Seenplatte,2001,0.90665,5,10,3
13071,Mecklenburgische Seenplatte,2002,0.86648,5,10,3
13071,Mecklenburgische Seenplatte,2003,0.85541,5,10,3
13071,Mecklenburgische Seenplatte,2004,0.89018,5,10,3
13071,Mecklenburgische Seenplatte,2005,0.90408,5,10,3
13071,Mecklenburgische Seenplatte,2006,0.92145,5,10,3
13071,Mecklenburgische Seenplatte,2007,0.94332,5,10,3
13071,Mecklenburgische Seenplatte,2008,0.95561,5,10,3
13071,Mecklenburgische Seenplatte,2009,0.93518,5,10,3
13071,Mecklenburgische Seenplatte,2010,0.94147,5,10,3
13071,Mecklenburgische Seenplatte,2011,0.94625,5,10,3
13071,Mecklenburgische Seenplatte,2012,0.91798,5,10,3
13071,Mecklenburgische Seenplatte,2013,0.86777,5,10,3
13071,Mecklenburgische Seenplatte,2014,0.85628,5,10,3
13071,Mecklenburgische Seenplatte,2015,0.80962,5,10,3
13071,Mecklenburgische Seenplatte,2016,0.80261,5,10,3
13071,Mecklenburgische Seenplatte,2017,0.80212,5,10,3
13071,Mecklenburgische Seenplatte,2018,0.8039,5,10,3
13071,Mecklenburgische Seenplatte,2019,0.7737,5,10,3
13071,Mecklenburgische Seenplatte,2020,0.74438,5,9,3
13071,Mecklenburgische Seenplatte,2021,0.73388,5,10,3
13072,Landkreis Rostock,1998,0.84264,5,10,3
13072,Landkreis Rostock,1999,0.86286,5,10,3
13072,Landkreis Rostock,2000,0.8298,5,10,3
13072,Landkreis Rostock,2001,0.84929,5,10,3
13072,Landkreis Rostock,2002,0.83548,5,10,3
13072,Landkreis Rostock,2003,0.8414,5,10,3
13072,Landkreis Rostock,2004,0.87593,5,10,3
13072,Landkreis Rostock,2005,0.87399,5,10,3
13072,Landkreis Rostock,2006,0.87893,5,10,3
13072,Landkreis Rostock,2007,0.87154,5,10,3
13072,Landkreis Rostock,2008,0.88687,5,10,3
13072,Landkreis Rostock,2009,0.8757,5,10,3
13072,Landkreis Rostock,2010,0.87456,5,10,3
13072,Landkreis Rostock,2011,0.82796,5,10,3
13072,Landkreis Rostock,2012,0.82084,5,10,3
13072,Landkreis Rostock,2013,0.77487,5,9,3
13072,Landkreis Rostock,2014,0.76384,5,9,3
13072,Landkreis Rostock,2015,0.71352,5,9,3
13072,Landkreis Rostock,2016,0.69885,5,9,3
13072,Landkreis Rostock,2017,0.69783,5,9,3
13072,Landkreis Rostock,2018,0.67724,4,8,2
13072,Landkreis Rostock,2019,0.68768,5,9,3
13072,Landkreis Rostock,2020,0.65335,4,8,2
13072,Landkreis Rostock,2021,0.62929,4,8,2
13073,Vorpommern-Rügen,1998,0.86952,5,10,3
13073,Vorpommern-Rügen,1999,0.87933,5,10,3
13073,Vorpommern-Rügen,2000,0.83716,5,10,3
13073,Vorpommern-Rügen,2001,0.88777,5,10,3
13073,Vorpommern-Rügen,2002,0.87409,5,10,3
13073,Vorpommern-Rügen,2003,0.89175,5,10,3
13073,Vorpommern-Rügen,2004,0.91456,5,10,3
13073,Vorpommern-Rügen,2005,0.91491,5,10,3
13073,Vorpommern-Rügen,2006,0.96142,5,10,3
13073,Vorpommern-Rügen,2007,0.92371,5,10,3
13073,Vorpommern-Rügen,2008,0.9518,5,10,3
13073,Vorpommern-Rügen,2009,0.89417,5,10,3
13073,Vorpommern-Rügen,2010,0.92114,5,10,3
13073,Vorpommern-Rügen,2011,0.9147,5,10,3
13073,Vorpommern-Rügen,2012,0.86568,5,10,3
13073,Vorpommern-Rügen,2013,0.87212,5,10,3
13073,Vorpommern-Rügen,2014,0.85342,5,10,3
13073,Vorpommern-Rügen,2015,0.81935,5,10,3
13073,Vorpommern-Rügen,2016,0.79022,5,10,3
13073,Vorpommern-Rügen,2017,0.7723,5,10,3
13073,Vorpommern-Rügen,2018,0.79229,5,10,3
13073,Vorpommern-Rügen,2019,0.75636,5,10,3
13073,Vorpommern-Rügen,2020,0.74993,5,10,3
13073,Vorpommern-Rügen,2021,0.75092,5,10,3
13074,Nordwestmecklenburg,1998,0.87413,5,10,3
13074,Nordwestmecklenburg,1999,0.8942,5,10,3
13074,Nordwestmecklenburg,2000,0.87882,5,10,3
13074,Nordwestmecklenburg,2001,0.88769,5,10,3
13074,Nordwestmecklenburg,2002,0.86757,5,10,3
13074,Nordwestmecklenburg,2003,0.85784,5,10,3
13074,Nordwestmecklenburg,2004,0.87212,5,10,3
13074,Nordwestmecklenburg,2005,0.89889,5,10,3
13074,Nordwestmecklenburg,2006,0.92779,5,10,3
13074,Nordwestmecklenburg,2007,0.91272,5,10,3
13074,Nordwestmecklenburg,2008,0.9414,5,10,3
13074,Nordwestmecklenburg,2009,0.95748,5,10,3
13074,Nordwestmecklenburg,2010,0.94639,5,10,3
13074,Nordwestmecklenburg,2011,0.94,5,10,3
13074,Nordwestmecklenburg,2012,0.85632,5,10,3
13074,Nordwestmecklenburg,2013,0.82111,5,10,3
13074,Nordwestmecklenburg,2014,0.79153,5,9,3
13074,Nordwestmecklenburg,2015,0.77309,5,10,3
13074,Nordwestmecklenburg,2016,0.75133,5,10,3
13074,Nordwestmecklenburg,2017,0.75938,5,10,3
13074,Nordwestmecklenburg,2018,0.75455,5,9,3
13074,Nordwestmecklenburg,2019,0.71523,5,9,3
13074,Nordwestmecklenburg,2020,0.71364,5,9,3
13074,Nordwestmecklenburg,2021,0.69163,5,9,3
13075,Vorpommern-Greifswald,1998,0.9214,5,10,3
13075,Vorpommern-Greifswald,1999,0.92856,5,10,3
13075,Vorpommern-Greifswald,2000,0.9135,5,10,3
13075,Vorpommern-Greifswald,2001,0.92781,5,10,3
13075,Vorpommern-Greifswald,2002,0.90068,5,10,3
13075,Vorpommern-Greifswald,2003,0.90145,5,10,3
13075,Vorpommern-Greifswald,2004,0.93728,5,10,3
13075,Vorpommern-Greifswald,2005,0.95229,5,10,3
13075,Vorpommern-Greifswald,2006,0.96656,5,10,3
13075,Vorpommern-Greifswald,2007,0.95401,5,10,3
13075,Vorpommern-Greifswald,2008,0.99645,5,10,3
13075,Vorpommern-Greifswald,2009,0.94529,5,10,3
13075,Vorpommern-Greifswald,2010,0.96482,5,10,3
13075,Vorpommern-Greifswald,2011,0.95285,5,10,3
13075,Vorpommern-Greifswald,2012,0.91577,5,10,3
13075,Vorpommern-Greifswald,2013,0.91601,5,10,3
13075,Vorpommern-Greifswald,2014,0.88731,5,10,3
13075,Vorpommern-Greifswald,2015,0.83564,5,10,3
13075,Vorpommern-Greifswald,2016,0.81336,5,10,3
13075,Vorpommern-Greifswald,2017,0.81293,5,10,3
13075,Vorpommern-Greifswald,2018,0.82803,5,10,3
13075,Vorpommern-Greifswald,2019,0.80168,5,10,3
13075,Vorpommern-Greifswald,2020,0.77869,5,10,3
13075,Vorpommern-Greifswald,2021,0.7512,5,10,3
13076,Ludwigslust-Parchim,1998,0.88261,5,10,3
13076,Ludwigslust-Parchim,1999,0.86771,5,10,3
13076,Ludwigslust-Parchim,2000,0.85272,5,10,3
13076,Ludwigslust-Parchim,2001,0.85894,5,10,3
13076,Ludwigslust-Parchim,2002,0.82355,5,10,3
13076,Ludwigslust-Parchim,2003,0.82473,5,10,3
13076,Ludwigslust-Parchim,2004,0.8458,5,10,3
13076,Ludwigslust-Parchim,2005,0.8655,5,10,3
13076,Ludwigslust-Parchim,2006,0.88042,5,10,3
13076,Ludwigslust-Parchim,2007,0.90334,5,10,3
13076,Ludwigslust-Parchim,2008,0.92203,5,10,3
13076,Ludwigslust-Parchim,2009,0.87743,5,10,3
13076,Ludwigslust-Parchim,2010,0.88447,5,10,3
13076,Ludwigslust-Parchim,2011,0.91151,5,10,3
13076,Ludwigslust-Parchim,2012,0.82488,5,10,3
13076,Ludwigslust-Parchim,2013,0.80815,5,10,3
13076,Ludwigslust-Parchim,2014,0.80472,5,10,3
13076,Ludwigslust-Parchim,2015,0.7628,5,9,3
13076,Ludwigslust-Parchim,2016,0.72515,5,9,3
13076,Ludwigslust-Parchim,2017,0.73989,5,9,3
13076,Ludwigslust-Parchim,2018,0.75873,5,9,3
13076,Ludwigslust-Parchim,2019,0.7353,5,9,3
13076,Ludwigslust-Parchim,2020,0.71985,5,9,3
13076,Ludwigslust-Parchim,2021,0.71997,5,10,3
14511,"Chemnitz, Stadt",1998,0.73284,4,8,2
14511,"Chemnitz, Stadt",1999,0.7595,5,9,3
14511,"Chemnitz, Stadt",2000,0.71549,5,9,3
14511,"Chemnitz, Stadt",2001,0.70231,4,8,2
14511,"Chemnitz, Stadt",2002,0.65732,4,8,2
14511,"Chemnitz, Stadt",2003,0.65353000000000006,4,8,2
14511,"Chemnitz, Stadt",2004,0.64737,4,8,2
14511,"Chemnitz, Stadt",2005,0.66881,4,8,2
14511,"Chemnitz, Stadt",2006,0.6513,4,7,2
14511,"Chemnitz, Stadt",2007,0.68294,4,8,2
14511,"Chemnitz, Stadt",2008,0.72105,4,8,2
14511,"Chemnitz, Stadt",2009,0.69748,4,8,2
14511,"Chemnitz, Stadt",2010,0.71163,4,8,2
14511,"Chemnitz, Stadt",2011,0.7065,4,8,2
14511,"Chemnitz, Stadt",2012,0.71032,4,8,2
14511,"Chemnitz, Stadt",2013,0.72022,4,8,2
14511,"Chemnitz, Stadt",2014,0.70761,4,8,2
14511,"Chemnitz, Stadt",2015,0.67579,4,8,2
14511,"Chemnitz, Stadt",2016,0.64479,4,8,2
14511,"Chemnitz, Stadt",2017,0.69105,4,8,2
14511,"Chemnitz, Stadt",2018,0.68273,4,8,2
14511,"Chemnitz, Stadt",2019,0.66889,4,8,2
14511,"Chemnitz, Stadt",2020,0.67135,4,8,2
14511,"Chemnitz, Stadt",2021,0.6663,5,9,3
14521,Erzgebirgskreis,1998,0.8063,5,9,3
14521,Erzgebirgskreis,1999,0.81736,5,9,3
14521,Erzgebirgskreis,2000,0.82729,5,10,3
14521,Erzgebirgskreis,2001,0.78403,5,9,3
14521,Erzgebirgskreis,2002,0.7777,5,10,3
14521,Erzgebirgskreis,2003,0.77153,5,10,3
14521,Erzgebirgskreis,2004,0.75297,5,9,3
14521,Erzgebirgskreis,2005,0.75678,5,9,3
14521,Erzgebirgskreis,2006,0.77113,5,9,3
14521,Erzgebirgskreis,2007,0.77619,5,9,3
14521,Erzgebirgskreis,2008,0.79104,5,9,3
14521,Erzgebirgskreis,2009,0.76946,5,9,3
14521,Erzgebirgskreis,2010,0.75912,5,9,3
14521,Erzgebirgskreis,2011,0.74672,5,9,3
14521,Erzgebirgskreis,2012,0.74011,5,9,3
14521,Erzgebirgskreis,2013,0.74574,5,9,3
14521,Erzgebirgskreis,2014,0.73295,5,9,3
14521,Erzgebirgskreis,2015,0.70445,5,9,3
14521,Erzgebirgskreis,2016,0.67313,4,8,2
14521,Erzgebirgskreis,2017,0.66431,4,8,2
14521,Erzgebirgskreis,2018,0.68467,4,8,2
14521,Erzgebirgskreis,2019,0.65999,4,8,2
14521,Erzgebirgskreis,2020,0.65374,4,8,2
14521,Erzgebirgskreis,2021,0.63851,4,8,2
14522,Mittelsachsen,1998,0.78591,5,9,3
14522,Mittelsachsen,1999,0.80245,5,9,3
14522,Mittelsachsen,2000,0.77254,5,9,3
14522,Mittelsachsen,2001,0.77001,5,9,3
14522,Mittelsachsen,2002,0.7385,5,9,3
14522,Mittelsachsen,2003,0.72733,5,9,3
14522,Mittelsachsen,2004,0.71315,5,9,3
14522,Mittelsachsen,2005,0.72853,5,9,3
14522,Mittelsachsen,2006,0.71271,4,8,2
14522,Mittelsachsen,2007,0.7359,4,8,2
14522,Mittelsachsen,2008,0.75636,4,8,2
14522,Mittelsachsen,2009,0.72561,4,8,2
14522,Mittelsachsen,2010,0.7353,4,8,2
14522,Mittelsachsen,2011,0.69936,4,8,2
14522,Mittelsachsen,2012,0.70367,4,8,2
14522,Mittelsachsen,2013,0.72044,5,9,3
14522,Mittelsachsen,2014,0.72317,4,8,2
14522,Mittelsachsen,2015,0.68266,4,8,2
14522,Mittelsachsen,2016,0.65451,4,8,2
14522,Mittelsachsen,2017,0.67073,4,8,2
14522,Mittelsachsen,2018,0.67133,4,8,2
14522,Mittelsachsen,2019,0.65614,4,8,2
14522,Mittelsachsen,2020,0.65068,4,8,2
14522,Mittelsachsen,2021,0.65079,4,8,2
14523,Vogtlandkreis,1998,0.72412,4,8,2
14523,Vogtlandkreis,1999,0.80819,5,9,3
14523,Vogtlandkreis,2000,0.72744,5,9,3
14523,Vogtlandkreis,2001,0.74393,5,9,3
14523,Vogtlandkreis,2002,0.71324,5,9,3
14523,Vogtlandkreis,2003,0.71996,5,9,3
14523,Vogtlandkreis,2004,0.6863,4,8,2
14523,Vogtlandkreis,2005,0.70797,4,8,2
14523,Vogtlandkreis,2006,0.72181,4,8,2
14523,Vogtlandkreis,2007,0.73379,4,8,2
14523,Vogtlandkreis,2008,0.7594,4,8,2
14523,Vogtlandkreis,2009,0.75496,5,9,3
14523,Vogtlandkreis,2010,0.74799,5,9,3
14523,Vogtlandkreis,2011,0.72509,5,9,3
14523,Vogtlandkreis,2012,0.70681,4,8,2
14523,Vogtlandkreis,2013,0.74132,5,9,3
14523,Vogtlandkreis,2014,0.70911,4,8,2
14523,Vogtlandkreis,2015,0.69245,4,8,2
14523,Vogtlandkreis,2016,0.68005,5,9,3
14523,Vogtlandkreis,2017,0.66765,4,8,2
14523,Vogtlandkreis,2018,0.69899,4,8,2
14523,Vogtlandkreis,2019,0.67817,4,8,2
14523,Vogtlandkreis,2020,0.68235,4,8,2
14523,Vogtlandkreis,2021,0.65107,4,8,2
14524,Zwickau,1998,0.77078,5,9,3
14524,Zwickau,1999,0.82901,5,10,3
14524,Zwickau,2000,0.78445,5,9,3
14524,Zwickau,2001,0.78097,5,9,3
14524,Zwickau,2002,0.75486,5,9,3
14524,Zwickau,2003,0.73399,5,9,3
14524,Zwickau,2004,0.71416,5,9,3
14524,Zwickau,2005,0.7356,5,9,3
14524,Zwickau,2006,0.73253,4,8,2
14524,Zwickau,2007,0.75872,5,9,3
14524,Zwickau,2008,0.7606,5,9,3
14524,Zwickau,2009,0.74138,5,9,3
14524,Zwickau,2010,0.74866,5,9,3
14524,Zwickau,2011,0.71535,4,8,2
14524,Zwickau,2012,0.70154,4,8,2
14524,Zwickau,2013,0.69057,4,8,2
14524,Zwickau,2014,0.68913,4,8,2
14524,Zwickau,2015,0.65152,4,7,2
14524,Zwickau,2016,0.60918,4,7,2
14524,Zwickau,2017,0.62431,4,7,2
14524,Zwickau,2018,0.62778,4,7,2
14524,Zwickau,2019,0.63875,4,7,2
14524,Zwickau,2020,0.60916,4,7,2
14524,Zwickau,2021,0.61969,4,8,2
14612,"Dresden, Stadt",1998,0.56735,3,6,2
14612,"Dresden, Stadt",1999,0.58958,4,7,2
14612,"Dresden, Stadt",2000,0.5653,4,7,2
14612,"Dresden, Stadt",2001,0.56768,4,7,2
14612,"Dresden, Stadt",2002,0.49915,3,5,2
14612,"Dresden, Stadt",2003,0.51458,3,5,2
14612,"Dresden, Stadt",2004,0.49604,3,5,2
14612,"Dresden, Stadt",2005,0.51283,3,5,2
14612,"Dresden, Stadt",2006,0.53521,3,5,2
14612,"Dresden, Stadt",2007,0.54945,3,5,2
14612,"Dresden, Stadt",2008,0.57899,3,5,2
14612,"Dresden, Stadt",2009,0.56237,3,5,2
14612,"Dresden, Stadt",2010,0.56789,3,5,2
14612,"Dresden, Stadt",2011,0.55017,3,5,2
14612,"Dresden, Stadt",2012,0.54437,3,5,2
14612,"Dresden, Stadt",2013,0.54305,3,5,2
14612,"Dresden, Stadt",2014,0.54421,3,5,2
14612,"Dresden, Stadt",2015,0.51084,2,4,2
14612,"Dresden, Stadt",2016,0.46016,2,3,2
14612,"Dresden, Stadt",2017,0.47839,2,4,2
14612,"Dresden, Stadt",2018,0.48824,2,4,2
14612,"Dresden, Stadt",2019,0.4818,2,4,2
14612,"Dresden, Stadt",2020,0.45948,2,3,2
14612,"Dresden, Stadt",2021,0.44739,2,3,2
14625,Bautzen,1998,0.80204,5,9,3
14625,Bautzen,1999,0.81304,5,9,3
14625,Bautzen,2000,0.79264,5,9,3
14625,Bautzen,2001,0.76392,5,9,3
14625,Bautzen,2002,0.76036,5,9,3
14625,Bautzen,2003,0.74347,5,9,3
14625,Bautzen,2004,0.73577,5,9,3
14625,Bautzen,2005,0.73726,5,9,3
14625,Bautzen,2006,0.74808,5,9,3
14625,Bautzen,2007,0.75212,5,9,3
14625,Bautzen,2008,0.76825,5,9,3
14625,Bautzen,2009,0.74533,5,9,3
14625,Bautzen,2010,0.73682,4,8,2
14625,Bautzen,2011,0.72231,5,9,3
14625,Bautzen,2012,0.72694,5,9,3
14625,Bautzen,2013,0.70385,4,8,2
14625,Bautzen,2014,0.66598,4,7,2
14625,Bautzen,2015,0.66922,4,8,2
14625,Bautzen,2016,0.64106,4,8,2
14625,Bautzen,2017,0.62653,4,7,2
14625,Bautzen,2018,0.63769,4,7,2
14625,Bautzen,2019,0.61501,4,7,2
14625,Bautzen,2020,0.60828,4,7,2
14625,Bautzen,2021,0.60928,4,7,2
14626,Görlitz,1998,0.83852,5,10,3
14626,Görlitz,1999,0.87257,5,10,3
14626,Görlitz,2000,0.87315,5,10,3
14626,Görlitz,2001,0.84413,5,10,3
14626,Görlitz,2002,0.83233,5,10,3
14626,Görlitz,2003,0.81866,5,10,3
14626,Görlitz,2004,0.82835,5,10,3
14626,Görlitz,2005,0.81893,5,10,3
14626,Görlitz,2006,0.8288,5,10,3
14626,Görlitz,2007,0.86383,5,10,3
14626,Görlitz,2008,0.88337,5,10,3
14626,Görlitz,2009,0.84151,5,10,3
14626,Görlitz,2010,0.84157,5,10,3
14626,Görlitz,2011,0.83272,5,10,3
14626,Görlitz,2012,0.85323,5,10,3
14626,Görlitz,2013,0.83899,5,10,3
14626,Görlitz,2014,0.80794,5,10,3
14626,Görlitz,2015,0.78045,5,10,3
14626,Görlitz,2016,0.75991,5,10,3
14626,Görlitz,2017,0.75211,5,9,3
14626,Görlitz,2018,0.77391,5,10,3
14626,Görlitz,2019,0.74893,5,10,3
14626,Görlitz,2020,0.74306,5,9,3
14626,Görlitz,2021,0.72259,5,10,3
14627,Meißen,1998,0.7563,5,9,3
14627,Meißen,1999,0.7439,4,8,2
14627,Meißen,2000,0.78405,5,9,3
14627,Meißen,2001,0.74315,5,9,3
14627,Meißen,2002,0.71372,5,9,3
14627,Meißen,2003,0.6755,4,8,2
14627,Meißen,2004,0.67252,4,8,2
14627,Meißen,2005,0.68839,4,8,2
14627,Meißen,2006,0.68575,4,8,2
14627,Meißen,2007,0.69313,4,8,2
14627,Meißen,2008,0.70553,4,8,2
14627,Meißen,2009,0.6876,4,8,2
14627,Meißen,2010,0.70064,4,8,2
14627,Meißen,2011,0.66042,4,7,2
14627,Meißen,2012,0.66919,4,8,2
14627,Meißen,2013,0.66113,4,7,2
14627,Meißen,2014,0.66078,4,7,2
14627,Meißen,2015,0.59963,3,6,2
14627,Meißen,2016,0.59499,4,7,2
14627,Meißen,2017,0.59858,3,6,2
14627,Meißen,2018,0.59563,3,6,2
14627,Meißen,2019,0.58196,3,6,2
14627,Meißen,2020,0.58927,3,6,2
14627,Meißen,2021,0.57725,4,7,2
14628,Sächsische Schweiz-Osterzgebirge,1998,0.72879,4,8,2
14628,Sächsische Schweiz-Osterzgebirge,1999,0.75494000000000006,5,9,3
14628,Sächsische Schweiz-Osterzgebirge,2000,0.75148,5,9,3
14628,Sächsische Schweiz-Osterzgebirge,2001,0.74101,5,9,3
14628,Sächsische Schweiz-Osterzgebirge,2002,0.70546,5,9,3
14628,Sächsische Schweiz-Osterzgebirge,2003,0.69206,4,8,2
14628,Sächsische Schweiz-Osterzgebirge,2004,0.66824,4,8,2
14628,Sächsische Schweiz-Osterzgebirge,2005,0.6772,4,8,2
14628,Sächsische Schweiz-Osterzgebirge,2006,0.70943,4,8,2
14628,Sächsische Schweiz-Osterzgebirge,2007,0.71322,4,8,2
14628,Sächsische Schweiz-Osterzgebirge,2008,0.74478,4,8,2
14628,Sächsische Schweiz-Osterzgebirge,2009,0.71243,4,8,2
14628,Sächsische Schweiz-Osterzgebirge,2010,0.74382,5,9,3
14628,Sächsische Schweiz-Osterzgebirge,2011,0.72399,5,9,3
14628,Sächsische Schweiz-Osterzgebirge,2012,0.69827,4,8,2
14628,Sächsische Schweiz-Osterzgebirge,2013,0.70803,4,8,2
14628,Sächsische Schweiz-Osterzgebirge,2014,0.66539,4,7,2
14628,Sächsische Schweiz-Osterzgebirge,2015,0.67642,4,8,2
14628,Sächsische Schweiz-Osterzgebirge,2016,0.62854,4,7,2
14628,Sächsische Schweiz-Osterzgebirge,2017,0.66089,4,8,2
14628,Sächsische Schweiz-Osterzgebirge,2018,0.64087,4,7,2
14628,Sächsische Schweiz-Osterzgebirge,2019,0.63638,4,7,2
14628,Sächsische Schweiz-Osterzgebirge,2020,0.6315,4,7,2
14628,Sächsische Schweiz-Osterzgebirge,2021,0.59574,4,7,2
14713,"Leipzig, Stadt",1998,0.76999,5,9,3
14713,"Leipzig, Stadt",1999,0.78253,5,9,3
14713,"Leipzig, Stadt",2000,0.75615,5,9,3
14713,"Leipzig, Stadt",2001,0.77074,5,9,3
14713,"Leipzig, Stadt",2002,0.73481,5,9,3
14713,"Leipzig, Stadt",2003,0.72527,5,9,3
14713,"Leipzig, Stadt",2004,0.72727,5,9,3
14713,"Leipzig, Stadt",2005,0.74505999999999994,5,9,3
14713,"Leipzig, Stadt",2006,0.77056,5,9,3
14713,"Leipzig, Stadt",2007,0.79515,5,9,3
14713,"Leipzig, Stadt",2008,0.81383,5,9,3
14713,"Leipzig, Stadt",2009,0.76227,5,9,3
14713,"Leipzig, Stadt",2010,0.80895,5,9,3
14713,"Leipzig, Stadt",2011,0.79786,5,9,3
14713,"Leipzig, Stadt",2012,0.75364,5,9,3
14713,"Leipzig, Stadt",2013,0.77273,5,9,3
14713,"Leipzig, Stadt",2014,0.73787,5,9,3
14713,"Leipzig, Stadt",2015,0.68258,4,8,2
14713,"Leipzig, Stadt",2016,0.64788,4,8,2
14713,"Leipzig, Stadt",2017,0.63549,4,7,2
14713,"Leipzig, Stadt",2018,0.65298,4,7,2
14713,"Leipzig, Stadt",2019,0.64016,4,7,2
14713,"Leipzig, Stadt",2020,0.62555,4,7,2
14713,"Leipzig, Stadt",2021,0.61047,4,7,2
14729,Leipzig,1998,0.8041,5,9,3
14729,Leipzig,1999,0.82898,5,10,3
14729,Leipzig,2000,0.79511,5,10,3
14729,Leipzig,2001,0.79393,5,9,3
14729,Leipzig,2002,0.75098,5,9,3
14729,Leipzig,2003,0.74669,5,9,3
14729,Leipzig,2004,0.75097,5,9,3
14729,Leipzig,2005,0.72879,5,9,3
14729,Leipzig,2006,0.75211,5,9,3
14729,Leipzig,2007,0.75966,5,9,3
14729,Leipzig,2008,0.76307,5,9,3
14729,Leipzig,2009,0.74916,5,9,3
14729,Leipzig,2010,0.75283,5,9,3
14729,Leipzig,2011,0.72012,4,8,2
14729,Leipzig,2012,0.7114,4,8,2
14729,Leipzig,2013,0.70009,4,8,2
14729,Leipzig,2014,0.67746,4,7,2
14729,Leipzig,2015,0.65128,4,7,2
14729,Leipzig,2016,0.62099,4,7,2
14729,Leipzig,2017,0.61031,4,7,2
14729,Leipzig,2018,0.62135,4,7,2
14729,Leipzig,2019,0.60823,4,7,2
14729,Leipzig,2020,0.59922,4,7,2
14729,Leipzig,2021,0.60023,4,7,2
14730,Nordsachsen,1998,0.85752,5,10,3
14730,Nordsachsen,1999,0.85008,5,10,3
14730,Nordsachsen,2000,0.85856,5,10,3
14730,Nordsachsen,2001,0.84967,5,10,3
14730,Nordsachsen,2002,0.8086,5,10,3
14730,Nordsachsen,2003,0.79417,5,10,3
14730,Nordsachsen,2004,0.80103,5,10,3
14730,Nordsachsen,2005,0.84475,5,10,3
14730,Nordsachsen,2006,0.82267,5,10,3
14730,Nordsachsen,2007,0.83747,5,10,3
14730,Nordsachsen,2008,0.86711,5,10,3
14730,Nordsachsen,2009,0.83815,5,10,3
14730,Nordsachsen,2010,0.85817,5,10,3
14730,Nordsachsen,2011,0.86641,5,10,3
14730,Nordsachsen,2012,0.83815,5,10,3
14730,Nordsachsen,2013,0.80094,5,9,3
14730,Nordsachsen,2014,0.80389,5,10,3
14730,Nordsachsen,2015,0.72951,5,9,3
14730,Nordsachsen,2016,0.72754,5,9,3
14730,Nordsachsen,2017,0.72158,5,9,3
14730,Nordsachsen,2018,0.75404,5,9,3
14730,Nordsachsen,2019,0.71167,5,9,3
14730,Nordsachsen,2020,0.69663,5,9,3
14730,Nordsachsen,2021,0.67822,5,9,3
15001,"Dessau-Roßlau, Stadt",1998,0.85019,5,10,3
15001,"Dessau-Roßlau, Stadt",1999,0.85919,5,10,3
15001,"Dessau-Roßlau, Stadt",2000,0.86338,5,10,3
15001,"Dessau-Roßlau, Stadt",2001,0.83754,5,10,3
15001,"Dessau-Roßlau, Stadt",2002,0.78117,5,10,3
15001,"Dessau-Roßlau, Stadt",2003,0.76938,5,10,3
15001,"Dessau-Roßlau, Stadt",2004,0.77566,5,9,3
15001,"Dessau-Roßlau, Stadt",2005,0.78178,5,9,3
15001,"Dessau-Roßlau, Stadt",2006,0.79007,5,9,3
15001,"Dessau-Roßlau, Stadt",2007,0.79565,5,9,3
15001,"Dessau-Roßlau, Stadt",2008,0.83829,5,9,3
15001,"Dessau-Roßlau, Stadt",2009,0.75003,5,9,3
15001,"Dessau-Roßlau, Stadt",2010,0.78126,5,9,3
15001,"Dessau-Roßlau, Stadt",2011,0.78911,5,9,3
15001,"Dessau-Roßlau, Stadt",2012,0.77921,5,9,3
15001,"Dessau-Roßlau, Stadt",2013,0.8119,5,10,3
15001,"Dessau-Roßlau, Stadt",2014,0.77091,5,9,3
15001,"Dessau-Roßlau, Stadt",2015,0.78219,5,10,3
15001,"Dessau-Roßlau, Stadt",2016,0.73483,5,9,3
15001,"Dessau-Roßlau, Stadt",2017,0.74711,5,9,3
15001,"Dessau-Roßlau, Stadt",2018,0.75847,5,9,3
15001,"Dessau-Roßlau, Stadt",2019,0.72952,5,9,3
15001,"Dessau-Roßlau, Stadt",2020,0.72699,5,9,3
15001,"Dessau-Roßlau, Stadt",2021,0.70426,5,9,3
15002,"Halle (Saale), Stadt",1998,0.87516,5,10,3
15002,"Halle (Saale), Stadt",1999,0.90366,5,10,3
15002,"Halle (Saale), Stadt",2000,0.87367,5,10,3
15002,"Halle (Saale), Stadt",2001,0.904,5,10,3
15002,"Halle (Saale), Stadt",2002,0.84169,5,10,3
15002,"Halle (Saale), Stadt",2003,0.86085,5,10,3
15002,"Halle (Saale), Stadt",2004,0.86491,5,10,3
15002,"Halle (Saale), Stadt",2005,0.84366,5,10,3
15002,"Halle (Saale), Stadt",2006,0.86984,5,10,3
15002,"Halle (Saale), Stadt",2007,0.88211,5,10,3
15002,"Halle (Saale), Stadt",2008,0.92618,5,10,3
15002,"Halle (Saale), Stadt",2009,0.87249,5,10,3
15002,"Halle (Saale), Stadt",2010,0.91921,5,10,3
15002,"Halle (Saale), Stadt",2011,0.91992,5,10,3
15002,"Halle (Saale), Stadt",2012,0.87088,5,10,3
15002,"Halle (Saale), Stadt",2013,0.8768,5,10,3
15002,"Halle (Saale), Stadt",2014,0.87845,5,10,3
15002,"Halle (Saale), Stadt",2015,0.84544,5,10,3
15002,"Halle (Saale), Stadt",2016,0.82419,5,10,3
15002,"Halle (Saale), Stadt",2017,0.82954,5,10,3
15002,"Halle (Saale), Stadt",2018,0.85164,5,10,3
15002,"Halle (Saale), Stadt",2019,0.84309,5,10,3
15002,"Halle (Saale), Stadt",2020,0.82194,5,10,3
15002,"Halle (Saale), Stadt",2021,0.79189,5,10,3
15003,"Magdeburg, Landeshauptstadt",1998,0.85522,5,10,3
15003,"Magdeburg, Landeshauptstadt",1999,0.86503,5,10,3
15003,"Magdeburg, Landeshauptstadt",2000,0.84888,5,10,3
15003,"Magdeburg, Landeshauptstadt",2001,0.84933,5,10,3
15003,"Magdeburg, Landeshauptstadt",2002,0.81939,5,10,3
15003,"Magdeburg, Landeshauptstadt",2003,0.82462,5,10,3
15003,"Magdeburg, Landeshauptstadt",2004,0.83018,5,10,3
15003,"Magdeburg, Landeshauptstadt",2005,0.83451,5,10,3
15003,"Magdeburg, Landeshauptstadt",2006,0.83819,5,10,3
15003,"Magdeburg, Landeshauptstadt",2007,0.83078,5,10,3
15003,"Magdeburg, Landeshauptstadt",2008,0.87412,5,10,3
15003,"Magdeburg, Landeshauptstadt",2009,0.81954,5,9,3
15003,"Magdeburg, Landeshauptstadt",2010,0.84048,5,10,3
15003,"Magdeburg, Landeshauptstadt",2011,0.86305,5,10,3
15003,"Magdeburg, Landeshauptstadt",2012,0.81789,5,10,3
15003,"Magdeburg, Landeshauptstadt",2013,0.80044,5,9,3
15003,"Magdeburg, Landeshauptstadt",2014,0.79751,5,9,3
15003,"Magdeburg, Landeshauptstadt",2015,0.78508,5,10,3
15003,"Magdeburg, Landeshauptstadt",2016,0.73862,5,10,3
15003,"Magdeburg, Landeshauptstadt",2017,0.74826,5,9,3
15003,"Magdeburg, Landeshauptstadt",2018,0.77006,5,10,3
15003,"Magdeburg, Landeshauptstadt",2019,0.76096,5,10,3
15003,"Magdeburg, Landeshauptstadt",2020,0.74756,5,9,3
15003,"Magdeburg, Landeshauptstadt",2021,0.71831,5,10,3
15081,Altmarkkreis Salzwedel,1998,0.93164,5,10,3
15081,Altmarkkreis Salzwedel,1999,0.8906,5,10,3
15081,Altmarkkreis Salzwedel,2000,0.95575,5,10,3
15081,Altmarkkreis Salzwedel,2001,0.92292,5,10,3
15081,Altmarkkreis Salzwedel,2002,0.9292,5,10,3
15081,Altmarkkreis Salzwedel,2003,0.96047,5,10,3
15081,Altmarkkreis Salzwedel,2004,0.95494,5,10,3
15081,Altmarkkreis Salzwedel,2005,0.97441,5,10,3
15081,Altmarkkreis Salzwedel,2006,0.96903,5,10,3
15081,Altmarkkreis Salzwedel,2007,0.95221,5,10,3
15081,Altmarkkreis Salzwedel,2008,0.96419,5,10,3
15081,Altmarkkreis Salzwedel,2009,0.90756,5,10,3
15081,Altmarkkreis Salzwedel,2010,0.89798,5,10,3
15081,Altmarkkreis Salzwedel,2011,0.91663,5,10,3
15081,Altmarkkreis Salzwedel,2012,0.90181,5,10,3
15081,Altmarkkreis Salzwedel,2013,0.83906,5,10,3
15081,Altmarkkreis Salzwedel,2014,0.82392,5,10,3
15081,Altmarkkreis Salzwedel,2015,0.84277,5,10,3
15081,Altmarkkreis Salzwedel,2016,0.79627,5,10,3
15081,Altmarkkreis Salzwedel,2017,0.80328,5,10,3
15081,Altmarkkreis Salzwedel,2018,0.82582,5,10,3
15081,Altmarkkreis Salzwedel,2019,0.81586,5,10,3
15081,Altmarkkreis Salzwedel,2020,0.78497,5,10,3
15081,Altmarkkreis Salzwedel,2021,0.75919,5,10,3
15082,Anhalt-Bitterfeld,1998,0.94667,5,10,3
15082,Anhalt-Bitterfeld,1999,0.91025,5,10,3
15082,Anhalt-Bitterfeld,2000,0.91281,5,10,3
15082,Anhalt-Bitterfeld,2001,0.94273,5,10,3
15082,Anhalt-Bitterfeld,2002,0.91403,5,10,3
15082,Anhalt-Bitterfeld,2003,0.90046,5,10,3
15082,Anhalt-Bitterfeld,2004,0.91584,5,10,3
15082,Anhalt-Bitterfeld,2005,0.87561,5,10,3
15082,Anhalt-Bitterfeld,2006,0.88039,5,10,3
15082,Anhalt-Bitterfeld,2007,0.87542,5,10,3
15082,Anhalt-Bitterfeld,2008,0.91604,5,10,3
15082,Anhalt-Bitterfeld,2009,0.87461,5,10,3
15082,Anhalt-Bitterfeld,2010,0.9168,5,10,3
15082,Anhalt-Bitterfeld,2011,0.88846,5,10,3
15082,Anhalt-Bitterfeld,2012,0.87999,5,10,3
15082,Anhalt-Bitterfeld,2013,0.88016,5,10,3
15082,Anhalt-Bitterfeld,2014,0.8415,5,10,3
15082,Anhalt-Bitterfeld,2015,0.80748,5,10,3
15082,Anhalt-Bitterfeld,2016,0.79481,5,10,3
15082,Anhalt-Bitterfeld,2017,0.80333,5,10,3
15082,Anhalt-Bitterfeld,2018,0.83668,5,10,3
15082,Anhalt-Bitterfeld,2019,0.82196,5,10,3
15082,Anhalt-Bitterfeld,2020,0.78545,5,10,3
15082,Anhalt-Bitterfeld,2021,0.75581,5,10,3
15083,Börde,1998,0.8092,5,9,3
15083,Börde,1999,0.82944,5,10,3
15083,Börde,2000,0.80737,5,10,3
15083,Börde,2001,0.80468,5,10,3
15083,Börde,2002,0.8499,5,10,3
15083,Börde,2003,0.81011,5,10,3
15083,Börde,2004,0.81549,5,10,3
15083,Börde,2005,0.81375,5,10,3
15083,Börde,2006,0.79256,5,9,3
15083,Börde,2007,0.77232,5,9,3
15083,Börde,2008,0.78326,5,9,3
15083,Börde,2009,0.76565,5,9,3
15083,Börde,2010,0.75853,5,9,3
15083,Börde,2011,0.74201,5,9,3
15083,Börde,2012,0.72799,5,9,3
15083,Börde,2013,0.71789,4,8,2
15083,Börde,2014,0.72834,4,8,2
15083,Börde,2015,0.70083,4,8,2
15083,Börde,2016,0.66651,4,8,2
15083,Börde,2017,0.66295,4,8,2
15083,Börde,2018,0.69222,4,8,2
15083,Börde,2019,0.67229,4,8,2
15083,Börde,2020,0.64727,4,8,2
15083,Börde,2021,0.63064,4,8,2
15084,Burgenlandkreis,1998,0.93363,5,10,3
15084,Burgenlandkreis,1999,0.91497,5,10,3
15084,Burgenlandkreis,2000,0.92879,5,10,3
15084,Burgenlandkreis,2001,0.93713,5,10,3
15084,Burgenlandkreis,2002,0.90785,5,10,3
15084,Burgenlandkreis,2003,0.93394,5,10,3
15084,Burgenlandkreis,2004,0.95067,5,10,3
15084,Burgenlandkreis,2005,0.92945,5,10,3
15084,Burgenlandkreis,2006,0.92492,5,10,3
15084,Burgenlandkreis,2007,0.91791,5,10,3
15084,Burgenlandkreis,2008,0.98197,5,10,3
15084,Burgenlandkreis,2009,0.91013,5,10,3
15084,Burgenlandkreis,2010,0.91495,5,10,3
15084,Burgenlandkreis,2011,0.89625,5,10,3
15084,Burgenlandkreis,2012,0.88682,5,10,3
15084,Burgenlandkreis,2013,0.85359,5,10,3
15084,Burgenlandkreis,2014,0.86865,5,10,3
15084,Burgenlandkreis,2015,0.83343,5,10,3
15084,Burgenlandkreis,2016,0.76645,5,10,3
15084,Burgenlandkreis,2017,0.79243,5,10,3
15084,Burgenlandkreis,2018,0.80955,5,10,3
15084,Burgenlandkreis,2019,0.7798,5,10,3
15084,Burgenlandkreis,2020,0.75586,5,10,3
15084,Burgenlandkreis,2021,0.7427,5,10,3
15085,Harz,1998,0.90254,5,10,3
15085,Harz,1999,0.91121,5,10,3
15085,Harz,2000,0.89279,5,10,3
15085,Harz,2001,0.87524,5,10,3
15085,Harz,2002,0.90177,5,10,3
15085,Harz,2003,0.87378,5,10,3
15085,Harz,2004,0.86729,5,10,3
15085,Harz,2005,0.87347,5,10,3
15085,Harz,2006,0.84726,5,10,3
15085,Harz,2007,0.86032,5,10,3
15085,Harz,2008,0.89695,5,10,3
15085,Harz,2009,0.84788,5,10,3
15085,Harz,2010,0.87293,5,10,3
15085,Harz,2011,0.82469,5,10,3
15085,Harz,2012,0.80529,5,9,3
15085,Harz,2013,0.80312,5,9,3
15085,Harz,2014,0.79526,5,9,3
15085,Harz,2015,0.77104,5,10,3
15085,Harz,2016,0.72357,5,9,3
15085,Harz,2017,0.73365,5,9,3
15085,Harz,2018,0.75622,5,9,3
15085,Harz,2019,0.73446,5,9,3
15085,Harz,2020,0.72163,5,9,3
15085,Harz,2021,0.69107,5,9,3
15086,Jerichower Land,1998,0.85831,5,10,3
15086,Jerichower Land,1999,0.92052,5,10,3
15086,Jerichower Land,2000,0.90909,5,10,3
15086,Jerichower Land,2001,0.92177,5,10,3
15086,Jerichower Land,2002,0.91821,5,10,3
15086,Jerichower Land,2003,0.90007,5,10,3
15086,Jerichower Land,2004,0.89349,5,10,3
15086,Jerichower Land,2005,0.85087,5,10,3
15086,Jerichower Land,2006,0.83892,5,10,3
15086,Jerichower Land,2007,0.86257,5,10,3
15086,Jerichower Land,2008,0.8882,5,10,3
15086,Jerichower Land,2009,0.84113,5,10,3
15086,Jerichower Land,2010,0.85366,5,10,3
15086,Jerichower Land,2011,0.84946,5,10,3
15086,Jerichower Land,2012,0.81124,5,10,3
15086,Jerichower Land,2013,0.82701,5,10,3
15086,Jerichower Land,2014,0.80997,5,10,3
15086,Jerichower Land,2015,0.78997,5,10,3
15086,Jerichower Land,2016,0.77659,5,10,3
15086,Jerichower Land,2017,0.80176,5,10,3
15086,Jerichower Land,2018,0.79227,5,10,3
15086,Jerichower Land,2019,0.76189,5,10,3
15086,Jerichower Land,2020,0.74972,5,9,3
15086,Jerichower Land,2021,0.70799,5,9,3
15087,Mansfeld-Südharz,1998,0.96763,5,10,3
15087,Mansfeld-Südharz,1999,0.97122,5,10,3
15087,Mansfeld-Südharz,2000,0.95678,5,10,3
15087,Mansfeld-Südharz,2001,0.97739,5,10,3
15087,Mansfeld-Südharz,2002,0.95705,5,10,3
15087,Mansfeld-Südharz,2003,0.97781,5,10,3
15087,Mansfeld-Südharz,2004,0.94021,5,10,3
15087,Mansfeld-Südharz,2005,0.96172,5,10,3
15087,Mansfeld-Südharz,2006,0.95754,5,10,3
15087,Mansfeld-Südharz,2007,0.9809,5,10,3
15087,Mansfeld-Südharz,2008,0.99095,5,10,3
15087,Mansfeld-Südharz,2009,1,5,10,3
15087,Mansfeld-Südharz,2010,0.9569,5,10,3
15087,Mansfeld-Südharz,2011,0.98457,5,10,3
15087,Mansfeld-Südharz,2012,0.99073,5,10,3
15087,Mansfeld-Südharz,2013,1,5,10,3
15087,Mansfeld-Südharz,2014,0.99032,5,10,3
15087,Mansfeld-Südharz,2015,1,5,10,3
15087,Mansfeld-Südharz,2016,0.88718,5,10,3
15087,Mansfeld-Südharz,2017,0.90496,5,10,3
15087,Mansfeld-Südharz,2018,0.92194,5,10,3
15087,Mansfeld-Südharz,2019,0.89673,5,10,3
15087,Mansfeld-Südharz,2020,0.86085,5,10,3
15087,Mansfeld-Südharz,2021,0.80544,5,10,3
15088,Saalekreis,1998,0.86538,5,10,3
15088,Saalekreis,1999,0.85477,5,10,3
15088,Saalekreis,2000,0.87395,5,10,3
15088,Saalekreis,2001,0.84953,5,10,3
15088,Saalekreis,2002,0.83895,5,10,3
15088,Saalekreis,2003,0.84796,5,10,3
15088,Saalekreis,2004,0.80019,5,10,3
15088,Saalekreis,2005,0.82193,5,10,3
15088,Saalekreis,2006,0.77236,5,9,3
15088,Saalekreis,2007,0.78922,5,9,3
15088,Saalekreis,2008,0.83236,5,9,3
15088,Saalekreis,2009,0.7769,5,9,3
15088,Saalekreis,2010,0.80543,5,9,3
15088,Saalekreis,2011,0.74488,5,9,3
15088,Saalekreis,2012,0.74948,5,9,3
15088,Saalekreis,2013,0.75512,5,9,3
15088,Saalekreis,2014,0.72197,4,8,2
15088,Saalekreis,2015,0.7154,5,9,3
15088,Saalekreis,2016,0.67934,5,9,3
15088,Saalekreis,2017,0.68644,4,8,2
15088,Saalekreis,2018,0.6829,4,8,2
15088,Saalekreis,2019,0.66235,4,8,2
15088,Saalekreis,2020,0.64503,4,7,2
15088,Saalekreis,2021,0.62484,4,8,2
15089,Salzlandkreis,1998,0.9803,5,10,3
15089,Salzlandkreis,1999,1,5,10,3
15089,Salzlandkreis,2000,1,5,10,3
15089,Salzlandkreis,2001,0.97635,5,10,3
15089,Salzlandkreis,2002,0.96616,5,10,3
15089,Salzlandkreis,2003,0.96688,5,10,3
15089,Salzlandkreis,2004,0.97403,5,10,3
15089,Salzlandkreis,2005,0.93336,5,10,3
15089,Salzlandkreis,2006,0.94371,5,10,3
15089,Salzlandkreis,2007,0.9558,5,10,3
15089,Salzlandkreis,2008,0.96257,5,10,3
15089,Salzlandkreis,2009,0.92425,5,10,3
15089,Salzlandkreis,2010,0.98302,5,10,3
15089,Salzlandkreis,2011,0.93982,5,10,3
15089,Salzlandkreis,2012,0.93604,5,10,3
15089,Salzlandkreis,2013,0.91793,5,10,3
15089,Salzlandkreis,2014,0.94541,5,10,3
15089,Salzlandkreis,2015,0.88261,5,10,3
15089,Salzlandkreis,2016,0.85427,5,10,3
15089,Salzlandkreis,2017,0.86366,5,10,3
15089,Salzlandkreis,2018,0.88319,5,10,3
15089,Salzlandkreis,2019,0.85607,5,10,3
15089,Salzlandkreis,2020,0.8122,5,10,3
15089,Salzlandkreis,2021,0.77697,5,10,3
15090,Stendal,1998,0.9966,5,10,3
15090,Stendal,1999,0.98598,5,10,3
15090,Stendal,2000,0.98084,5,10,3
15090,Stendal,2001,1,5,10,3
15090,Stendal,2002,1,5,10,3
15090,Stendal,2003,1,5,10,3
15090,Stendal,2004,1,5,10,3
15090,Stendal,2005,1,5,10,3
15090,Stendal,2006,0.98633,5,10,3
15090,Stendal,2007,0.98001,5,10,3
15090,Stendal,2008,1,5,10,3
15090,Stendal,2009,0.98813,5,10,3
15090,Stendal,2010,1,5,10,3
15090,Stendal,2011,0.97597,5,10,3
15090,Stendal,2012,0.94725,5,10,3
15090,Stendal,2013,0.93114,5,10,3
15090,Stendal,2014,0.93993,5,10,3
15090,Stendal,2015,0.87378,5,10,3
15090,Stendal,2016,0.86479,5,10,3
15090,Stendal,2017,0.85156,5,10,3
15090,Stendal,2018,0.91271,5,10,3
15090,Stendal,2019,0.86197,5,10,3
15090,Stendal,2020,0.84838,5,10,3
15090,Stendal,2021,0.79218,5,10,3
15091,Wittenberg,1998,0.83632,5,10,3
15091,Wittenberg,1999,0.863,5,10,3
15091,Wittenberg,2000,0.86504,5,10,3
15091,Wittenberg,2001,0.87246,5,10,3
15091,Wittenberg,2002,0.84261,5,10,3
15091,Wittenberg,2003,0.82058,5,10,3
15091,Wittenberg,2004,0.84083,5,10,3
15091,Wittenberg,2005,0.82408,5,10,3
15091,Wittenberg,2006,0.84085,5,10,3
15091,Wittenberg,2007,0.83973,5,10,3
15091,Wittenberg,2008,0.84823,5,9,3
15091,Wittenberg,2009,0.84136,5,10,3
15091,Wittenberg,2010,0.83613,5,10,3
15091,Wittenberg,2011,0.81835,5,10,3
15091,Wittenberg,2012,0.80779,5,10,3
15091,Wittenberg,2013,0.80503,5,10,3
15091,Wittenberg,2014,0.844,5,10,3
15091,Wittenberg,2015,0.77304,5,10,3
15091,Wittenberg,2016,0.73842,5,9,3
15091,Wittenberg,2017,0.76318,5,10,3
15091,Wittenberg,2018,0.76781,5,10,3
15091,Wittenberg,2019,0.73147,5,9,3
15091,Wittenberg,2020,0.74087,5,9,3
15091,Wittenberg,2021,0.70506,5,9,3
16051,"Erfurt, Stadt",1998,0.79973,5,9,3
16051,"Erfurt, Stadt",1999,0.78801,5,9,3
16051,"Erfurt, Stadt",2000,0.7632,5,9,3
16051,"Erfurt, Stadt",2001,0.74439,5,9,3
16051,"Erfurt, Stadt",2002,0.69705,5,9,3
16051,"Erfurt, Stadt",2003,0.67136,4,8,2
16051,"Erfurt, Stadt",2004,0.73777,5,9,3
16051,"Erfurt, Stadt",2005,0.73888,5,9,3
16051,"Erfurt, Stadt",2006,0.72822,4,8,2
16051,"Erfurt, Stadt",2007,0.74816,5,9,3
16051,"Erfurt, Stadt",2008,0.75904,4,8,2
16051,"Erfurt, Stadt",2009,0.72107,4,8,2
16051,"Erfurt, Stadt",2010,0.73984,5,9,3
16051,"Erfurt, Stadt",2011,0.71501,4,8,2
16051,"Erfurt, Stadt",2012,0.69087,4,8,2
16051,"Erfurt, Stadt",2013,0.69681,4,8,2
16051,"Erfurt, Stadt",2014,0.66398,4,7,2
16051,"Erfurt, Stadt",2015,0.66892,4,8,2
16051,"Erfurt, Stadt",2016,0.61767,4,7,2
16051,"Erfurt, Stadt",2017,0.67276,4,8,2
16051,"Erfurt, Stadt",2018,0.67369,4,8,2
16051,"Erfurt, Stadt",2019,0.64749,4,7,2
16051,"Erfurt, Stadt",2020,0.63005,4,7,2
16051,"Erfurt, Stadt",2021,0.62155,4,8,2
16052,"Gera, Stadt",1998,0.86963,5,10,3
16052,"Gera, Stadt",1999,0.84294,5,10,3
16052,"Gera, Stadt",2000,0.81098,5,10,3
16052,"Gera, Stadt",2001,0.81964,5,10,3
16052,"Gera, Stadt",2002,0.74762,5,9,3
16052,"Gera, Stadt",2003,0.74163,5,9,3
16052,"Gera, Stadt",2004,0.778,5,10,3
16052,"Gera, Stadt",2005,0.7977,5,9,3
16052,"Gera, Stadt",2006,0.80632,5,9,3
16052,"Gera, Stadt",2007,0.82848,5,10,3
16052,"Gera, Stadt",2008,0.83541,5,9,3
16052,"Gera, Stadt",2009,0.86458,5,10,3
16052,"Gera, Stadt",2010,0.83748,5,10,3
16052,"Gera, Stadt",2011,0.83326,5,10,3
16052,"Gera, Stadt",2012,0.80521,5,9,3
16052,"Gera, Stadt",2013,0.80453,5,9,3
16052,"Gera, Stadt",2014,0.77343,5,9,3
16052,"Gera, Stadt",2015,0.76712,5,9,3
16052,"Gera, Stadt",2016,0.73419,5,9,3
16052,"Gera, Stadt",2017,0.75353,5,9,3
16052,"Gera, Stadt",2018,0.81985,5,10,3
16052,"Gera, Stadt",2019,0.8093,5,10,3
16052,"Gera, Stadt",2020,0.76993,5,10,3
16052,"Gera, Stadt",2021,0.76333,5,10,3
16053,"Jena, Stadt",1998,0.4765,2,3,2
16053,"Jena, Stadt",1999,0.50587,2,4,2
16053,"Jena, Stadt",2000,0.43916,2,4,2
16053,"Jena, Stadt",2001,0.41694,2,3,2
16053,"Jena, Stadt",2002,0.36769,1,2,1
16053,"Jena, Stadt",2003,0.37875,1,2,1
16053,"Jena, Stadt",2004,0.41525,2,3,2
16053,"Jena, Stadt",2005,0.38408,1,2,1
16053,"Jena, Stadt",2006,0.37256,1,2,1
16053,"Jena, Stadt",2007,0.40112,1,2,1
16053,"Jena, Stadt",2008,0.42885,1,2,1
16053,"Jena, Stadt",2009,0.42877,1,2,1
16053,"Jena, Stadt",2010,0.42749,1,2,1
16053,"Jena, Stadt",2011,0.41155,1,2,1
16053,"Jena, Stadt",2012,0.37856,1,2,1
16053,"Jena, Stadt",2013,0.38603,1,2,1
16053,"Jena, Stadt",2014,0.37371,1,2,1
16053,"Jena, Stadt",2015,0.36194,1,2,1
16053,"Jena, Stadt",2016,0.35985,1,2,1
16053,"Jena, Stadt",2017,0.30937,1,1,1
16053,"Jena, Stadt",2018,0.34343,1,2,1
16053,"Jena, Stadt",2019,0.36144,1,2,1
16053,"Jena, Stadt",2020,0.36551,1,2,1
16053,"Jena, Stadt",2021,0.33083,1,1,1
16054,"Suhl, Stadt",1998,0.81555,5,9,3
16054,"Suhl, Stadt",1999,0.77693,5,9,3
16054,"Suhl, Stadt",2000,0.8288,5,10,3
16054,"Suhl, Stadt",2001,0.74855,5,9,3
16054,"Suhl, Stadt",2002,0.68635,4,8,2
16054,"Suhl, Stadt",2003,0.6299,4,8,2
16054,"Suhl, Stadt",2004,0.67804,4,8,2
16054,"Suhl, Stadt",2005,0.69587,4,8,2
16054,"Suhl, Stadt",2006,0.78168,5,9,3
16054,"Suhl, Stadt",2007,0.74386,4,8,2
16054,"Suhl, Stadt",2008,0.73523,4,8,2
16054,"Suhl, Stadt",2009,0.72693,4,8,2
16054,"Suhl, Stadt",2010,0.73066,4,8,2
16054,"Suhl, Stadt",2011,0.70304,4,8,2
16054,"Suhl, Stadt",2012,0.65377,4,7,2
16054,"Suhl, Stadt",2013,0.68187,4,8,2
16054,"Suhl, Stadt",2014,0.71965,4,8,2
16054,"Suhl, Stadt",2015,0.64801,4,7,2
16054,"Suhl, Stadt",2016,0.6726,4,8,2
16054,"Suhl, Stadt",2017,0.66002,4,8,2
16054,"Suhl, Stadt",2018,0.67575,4,8,2
16054,"Suhl, Stadt",2019,0.71451,5,9,3
16054,"Suhl, Stadt",2020,0.66209,4,8,2
16054,"Suhl, Stadt",2021,0.711,5,9,3
16055,"Weimar, Stadt",1998,0.7778,5,9,3
16055,"Weimar, Stadt",1999,0.77796,5,9,3
16055,"Weimar, Stadt",2000,0.75178,5,9,3
16055,"Weimar, Stadt",2001,0.71073,5,9,3
16055,"Weimar, Stadt",2002,0.6117,4,7,2
16055,"Weimar, Stadt",2003,0.6641,4,8,2
16055,"Weimar, Stadt",2004,0.68736,4,8,2
16055,"Weimar, Stadt",2005,0.6713,4,8,2
16055,"Weimar, Stadt",2006,0.75995,5,9,3
16055,"Weimar, Stadt",2007,0.7103,4,8,2
16055,"Weimar, Stadt",2008,0.72261,4,8,2
16055,"Weimar, Stadt",2009,0.67954,4,7,2
16055,"Weimar, Stadt",2010,0.71438,4,8,2
16055,"Weimar, Stadt",2011,0.70246,4,8,2
16055,"Weimar, Stadt",2012,0.63349,4,7,2
16055,"Weimar, Stadt",2013,0.63839,4,7,2
16055,"Weimar, Stadt",2014,0.58651,3,6,2
16055,"Weimar, Stadt",2015,0.62012,4,7,2
16055,"Weimar, Stadt",2016,0.58173,3,6,2
16055,"Weimar, Stadt",2017,0.60836,4,7,2
16055,"Weimar, Stadt",2018,0.63731,4,7,2
16055,"Weimar, Stadt",2019,0.61396,4,7,2
16055,"Weimar, Stadt",2020,0.59449,3,6,2
16055,"Weimar, Stadt",2021,0.56082,3,6,2
16061,Eichsfeld,1998,0.77655,5,9,3
16061,Eichsfeld,1999,0.74209,4,8,2
16061,Eichsfeld,2000,0.73458,5,9,3
16061,Eichsfeld,2001,0.74241,5,9,3
16061,Eichsfeld,2002,0.75981,5,9,3
16061,Eichsfeld,2003,0.72447,5,9,3
16061,Eichsfeld,2004,0.73786,5,9,3
16061,Eichsfeld,2005,0.75703,5,9,3
16061,Eichsfeld,2006,0.76334,5,9,3
16061,Eichsfeld,2007,0.74725,4,8,2
16061,Eichsfeld,2008,0.73562,4,8,2
16061,Eichsfeld,2009,0.75386,5,9,3
16061,Eichsfeld,2010,0.74636,5,9,3
16061,Eichsfeld,2011,0.71668,4,8,2
16061,Eichsfeld,2012,0.69558,4,8,2
16061,Eichsfeld,2013,0.69784,4,8,2
16061,Eichsfeld,2014,0.68444,4,8,2
16061,Eichsfeld,2015,0.66936,4,8,2
16061,Eichsfeld,2016,0.63068,4,7,2
16061,Eichsfeld,2017,0.64248,4,7,2
16061,Eichsfeld,2018,0.63022,4,7,2
16061,Eichsfeld,2019,0.64119,4,7,2
16061,Eichsfeld,2020,0.62271,4,7,2
16061,Eichsfeld,2021,0.60766,4,7,2
16062,Nordhausen,1998,0.95876,5,10,3
16062,Nordhausen,1999,0.91191,5,10,3
16062,Nordhausen,2000,0.86313,5,10,3
16062,Nordhausen,2001,0.87916,5,10,3
16062,Nordhausen,2002,0.85173,5,10,3
16062,Nordhausen,2003,0.79965,5,10,3
16062,Nordhausen,2004,0.83057,5,10,3
16062,Nordhausen,2005,0.83493,5,10,3
16062,Nordhausen,2006,0.87705,5,10,3
16062,Nordhausen,2007,0.87246,5,10,3
16062,Nordhausen,2008,0.86384,5,10,3
16062,Nordhausen,2009,0.83971,5,10,3
16062,Nordhausen,2010,0.87045,5,10,3
16062,Nordhausen,2011,0.8404,5,10,3
16062,Nordhausen,2012,0.83002,5,10,3
16062,Nordhausen,2013,0.8486,5,10,3
16062,Nordhausen,2014,0.79238,5,9,3
16062,Nordhausen,2015,0.76784,5,10,3
16062,Nordhausen,2016,0.75376,5,10,3
16062,Nordhausen,2017,0.76251,5,10,3
16062,Nordhausen,2018,0.80723,5,10,3
16062,Nordhausen,2019,0.7935,5,10,3
16062,Nordhausen,2020,0.77466,5,10,3
16062,Nordhausen,2021,0.71771,5,9,3
16063,Wartburgkreis,1998,0.71325,4,8,2
16063,Wartburgkreis,1999,0.72046,4,8,2
16063,Wartburgkreis,2000,0.72733,5,9,3
16063,Wartburgkreis,2001,0.71749,5,9,3
16063,Wartburgkreis,2002,0.69622,5,9,3
16063,Wartburgkreis,2003,0.66241,4,8,2
16063,Wartburgkreis,2004,0.69061,4,8,2
16063,Wartburgkreis,2005,0.7089,4,8,2
16063,Wartburgkreis,2006,0.70623,4,8,2
16063,Wartburgkreis,2007,0.69392,4,8,2
16063,Wartburgkreis,2008,0.72109,4,8,2
16063,Wartburgkreis,2009,0.6989,4,8,2
16063,Wartburgkreis,2010,0.70317,4,8,2
16063,Wartburgkreis,2011,0.66444,4,7,2
16063,Wartburgkreis,2012,0.66376,4,8,2
16063,Wartburgkreis,2013,0.65797,4,7,2
16063,Wartburgkreis,2014,0.69039,4,8,2
16063,Wartburgkreis,2015,0.64802,4,7,2
16063,Wartburgkreis,2016,0.61117,4,7,2
16063,Wartburgkreis,2017,0.65383,4,8,2
16063,Wartburgkreis,2018,0.51029,3,5,2
16063,Wartburgkreis,2019,0.51626,3,5,2
16063,Wartburgkreis,2020,0.50124,2,4,2
16063,Wartburgkreis,2021,0.55212,3,6,2
16064,Unstrut-Hainich-Kreis,1998,0.84875,5,10,3
16064,Unstrut-Hainich-Kreis,1999,0.83894,5,10,3
16064,Unstrut-Hainich-Kreis,2000,0.81231,5,10,3
16064,Unstrut-Hainich-Kreis,2001,0.81399,5,10,3
16064,Unstrut-Hainich-Kreis,2002,0.82326,5,10,3
16064,Unstrut-Hainich-Kreis,2003,0.78013,5,10,3
16064,Unstrut-Hainich-Kreis,2004,0.81713,5,10,3
16064,Unstrut-Hainich-Kreis,2005,0.80939,5,10,3
16064,Unstrut-Hainich-Kreis,2006,0.84039,5,10,3
16064,Unstrut-Hainich-Kreis,2007,0.87878,5,10,3
16064,Unstrut-Hainich-Kreis,2008,0.87218,5,10,3
16064,Unstrut-Hainich-Kreis,2009,0.85262,5,10,3
16064,Unstrut-Hainich-Kreis,2010,0.88291,5,10,3
16064,Unstrut-Hainich-Kreis,2011,0.87404,5,10,3
16064,Unstrut-Hainich-Kreis,2012,0.84158,5,10,3
16064,Unstrut-Hainich-Kreis,2013,0.85055,5,10,3
16064,Unstrut-Hainich-Kreis,2014,0.86514,5,10,3
16064,Unstrut-Hainich-Kreis,2015,0.82476,5,10,3
16064,Unstrut-Hainich-Kreis,2016,0.77894,5,10,3
16064,Unstrut-Hainich-Kreis,2017,0.79711,5,10,3
16064,Unstrut-Hainich-Kreis,2018,0.82045,5,10,3
16064,Unstrut-Hainich-Kreis,2019,0.79258,5,10,3
16064,Unstrut-Hainich-Kreis,2020,0.77772,5,10,3
16064,Unstrut-Hainich-Kreis,2021,0.75829,5,10,3
16065,Kyffhäuserkreis,1998,0.96072,5,10,3
16065,Kyffhäuserkreis,1999,0.93786,5,10,3
16065,Kyffhäuserkreis,2000,0.95291,5,10,3
16065,Kyffhäuserkreis,2001,0.94269,5,10,3
16065,Kyffhäuserkreis,2002,0.93277,5,10,3
16065,Kyffhäuserkreis,2003,0.90293,5,10,3
16065,Kyffhäuserkreis,2004,0.91648,5,10,3
16065,Kyffhäuserkreis,2005,0.91628,5,10,3
16065,Kyffhäuserkreis,2006,0.92989,5,10,3
16065,Kyffhäuserkreis,2007,0.91026,5,10,3
16065,Kyffhäuserkreis,2008,0.90298,5,10,3
16065,Kyffhäuserkreis,2009,0.85213,5,10,3
16065,Kyffhäuserkreis,2010,0.87599,5,10,3
16065,Kyffhäuserkreis,2011,0.81402,5,9,3
16065,Kyffhäuserkreis,2012,0.87884,5,10,3
16065,Kyffhäuserkreis,2013,0.91037,5,10,3
16065,Kyffhäuserkreis,2014,0.8663,5,10,3
16065,Kyffhäuserkreis,2015,0.83851,5,10,3
16065,Kyffhäuserkreis,2016,0.81956,5,10,3
16065,Kyffhäuserkreis,2017,0.79883,5,10,3
16065,Kyffhäuserkreis,2018,0.83008,5,10,3
16065,Kyffhäuserkreis,2019,0.79519,5,10,3
16065,Kyffhäuserkreis,2020,0.7475,5,9,3
16065,Kyffhäuserkreis,2021,0.73544,5,10,3
16066,Schmalkalden-Meiningen,1998,0.81807,5,9,3
16066,Schmalkalden-Meiningen,1999,0.80016,5,9,3
16066,Schmalkalden-Meiningen,2000,0.79033,5,9,3
16066,Schmalkalden-Meiningen,2001,0.80018,5,9,3
16066,Schmalkalden-Meiningen,2002,0.74999,5,9,3
16066,Schmalkalden-Meiningen,2003,0.7235,5,9,3
16066,Schmalkalden-Meiningen,2004,0.74435,5,9,3
16066,Schmalkalden-Meiningen,2005,0.76247,5,9,3
16066,Schmalkalden-Meiningen,2006,0.76519,5,9,3
16066,Schmalkalden-Meiningen,2007,0.73383,4,8,2
16066,Schmalkalden-Meiningen,2008,0.78259,5,9,3
16066,Schmalkalden-Meiningen,2009,0.77719,5,9,3
16066,Schmalkalden-Meiningen,2010,0.76192,5,9,3
16066,Schmalkalden-Meiningen,2011,0.7208,4,8,2
16066,Schmalkalden-Meiningen,2012,0.73452,5,9,3
16066,Schmalkalden-Meiningen,2013,0.74385,5,9,3
16066,Schmalkalden-Meiningen,2014,0.72566,4,8,2
16066,Schmalkalden-Meiningen,2015,0.69795,4,8,2
16066,Schmalkalden-Meiningen,2016,0.66883,4,8,2
16066,Schmalkalden-Meiningen,2017,0.6859,4,8,2
16066,Schmalkalden-Meiningen,2018,0.69858,4,8,2
16066,Schmalkalden-Meiningen,2019,0.68066,4,8,2
16066,Schmalkalden-Meiningen,2020,0.68612,4,8,2
16066,Schmalkalden-Meiningen,2021,0.65372,4,8,2
16067,Gotha,1998,0.81846,5,9,3
16067,Gotha,1999,0.81659,5,9,3
16067,Gotha,2000,0.78347,5,9,3
16067,Gotha,2001,0.78002,5,9,3
16067,Gotha,2002,0.76089,5,9,3
16067,Gotha,2003,0.71794,5,9,3
16067,Gotha,2004,0.7545,5,9,3
16067,Gotha,2005,0.73999,5,9,3
16067,Gotha,2006,0.76252,5,9,3
16067,Gotha,2007,0.70763,4,8,2
16067,Gotha,2008,0.7333,4,8,2
16067,Gotha,2009,0.74089,5,9,3
16067,Gotha,2010,0.73587,4,8,2
16067,Gotha,2011,0.71854,4,8,2
16067,Gotha,2012,0.72389,5,9,3
16067,Gotha,2013,0.71617,4,8,2
16067,Gotha,2014,0.7006,4,8,2
16067,Gotha,2015,0.68929,4,8,2
16067,Gotha,2016,0.67105,4,8,2
16067,Gotha,2017,0.69838,5,9,3
16067,Gotha,2018,0.71938,5,9,3
16067,Gotha,2019,0.71596,5,9,3
16067,Gotha,2020,0.70204,5,9,3
16067,Gotha,2021,0.68467,5,9,3
16068,Sömmerda,1998,0.89959,5,10,3
16068,Sömmerda,1999,0.85348,5,10,3
16068,Sömmerda,2000,0.84048,5,10,3
16068,Sömmerda,2001,0.81478,5,10,3
16068,Sömmerda,2002,0.81153,5,10,3
16068,Sömmerda,2003,0.761,5,9,3
16068,Sömmerda,2004,0.84307,5,10,3
16068,Sömmerda,2005,0.81148,5,10,3
16068,Sömmerda,2006,0.82239,5,10,3
16068,Sömmerda,2007,0.81938,5,9,3
16068,Sömmerda,2008,0.82717,5,9,3
16068,Sömmerda,2009,0.81322,5,9,3
16068,Sömmerda,2010,0.8343,5,9,3
16068,Sömmerda,2011,0.79468,5,9,3
16068,Sömmerda,2012,0.83842,5,10,3
16068,Sömmerda,2013,0.81045,5,10,3
16068,Sömmerda,2014,0.83982,5,10,3
16068,Sömmerda,2015,0.7903,5,10,3
16068,Sömmerda,2016,0.74468,5,10,3
16068,Sömmerda,2017,0.76028,5,10,3
16068,Sömmerda,2018,0.75825,5,9,3
16068,Sömmerda,2019,0.73402,5,9,3
16068,Sömmerda,2020,0.7378,5,9,3
16068,Sömmerda,2021,0.77092,5,10,3
16069,Hildburghausen,1998,0.77527,5,9,3
16069,Hildburghausen,1999,0.77014,5,9,3
16069,Hildburghausen,2000,0.76142,5,9,3
16069,Hildburghausen,2001,0.75595,5,9,3
16069,Hildburghausen,2002,0.72876,5,9,3
16069,Hildburghausen,2003,0.70642,5,9,3
16069,Hildburghausen,2004,0.74756,5,9,3
16069,Hildburghausen,2005,0.73661,5,9,3
16069,Hildburghausen,2006,0.76097,5,9,3
16069,Hildburghausen,2007,0.74463,4,8,2
16069,Hildburghausen,2008,0.74625,4,8,2
16069,Hildburghausen,2009,0.70641,4,8,2
16069,Hildburghausen,2010,0.72375,4,8,2
16069,Hildburghausen,2011,0.70303,4,8,2
16069,Hildburghausen,2012,0.66126,4,8,2
16069,Hildburghausen,2013,0.6667,4,7,2
16069,Hildburghausen,2014,0.64811,4,7,2
16069,Hildburghausen,2015,0.64745,4,7,2
16069,Hildburghausen,2016,0.61035,4,7,2
16069,Hildburghausen,2017,0.65782,4,8,2
16069,Hildburghausen,2018,0.6944,4,8,2
16069,Hildburghausen,2019,0.65495,4,8,2
16069,Hildburghausen,2020,0.64823,4,8,2
16069,Hildburghausen,2021,0.64601,4,8,2
16070,Ilm-Kreis,1998,0.8065,5,9,3
16070,Ilm-Kreis,1999,0.78169,5,9,3
16070,Ilm-Kreis,2000,0.76933,5,9,3
16070,Ilm-Kreis,2001,0.77612,5,9,3
16070,Ilm-Kreis,2002,0.73952,5,9,3
16070,Ilm-Kreis,2003,0.735,5,9,3
16070,Ilm-Kreis,2004,0.76119,5,9,3
16070,Ilm-Kreis,2005,0.76021,5,9,3
16070,Ilm-Kreis,2006,0.7604,5,9,3
16070,Ilm-Kreis,2007,0.78209,5,9,3
16070,Ilm-Kreis,2008,0.74939,4,8,2
16070,Ilm-Kreis,2009,0.73996,5,9,3
16070,Ilm-Kreis,2010,0.74634,5,9,3
16070,Ilm-Kreis,2011,0.75604,5,9,3
16070,Ilm-Kreis,2012,0.71365,4,8,2
16070,Ilm-Kreis,2013,0.697,4,8,2
16070,Ilm-Kreis,2014,0.69266,4,8,2
16070,Ilm-Kreis,2015,0.6631,4,8,2
16070,Ilm-Kreis,2016,0.64042,4,8,2
16070,Ilm-Kreis,2017,0.67224,4,8,2
16070,Ilm-Kreis,2018,0.69248,4,8,2
16070,Ilm-Kreis,2019,0.67407,4,8,2
16070,Ilm-Kreis,2020,0.65932,4,8,2
16070,Ilm-Kreis,2021,0.63339,4,8,2
16071,Weimarer Land,1998,0.86896,5,10,3
16071,Weimarer Land,1999,0.80718,5,9,3
16071,Weimarer Land,2000,0.79389,5,10,3
16071,Weimarer Land,2001,0.81703,5,10,3
16071,Weimarer Land,2002,0.75959,5,9,3
16071,Weimarer Land,2003,0.70967,5,9,3
16071,Weimarer Land,2004,0.75411,5,9,3
16071,Weimarer Land,2005,0.73033,5,9,3
16071,Weimarer Land,2006,0.76677,5,9,3
16071,Weimarer Land,2007,0.74805,4,8,2
16071,Weimarer Land,2008,0.74093,4,8,2
16071,Weimarer Land,2009,0.68964,4,8,2
16071,Weimarer Land,2010,0.74962,5,9,3
16071,Weimarer Land,2011,0.71587,4,8,2
16071,Weimarer Land,2012,0.68829,4,8,2
16071,Weimarer Land,2013,0.6837,4,8,2
16071,Weimarer Land,2014,0.70389,4,8,2
16071,Weimarer Land,2015,0.64267,4,7,2
16071,Weimarer Land,2016,0.63548,4,8,2
16071,Weimarer Land,2017,0.65744,4,8,2
16071,Weimarer Land,2018,0.68471,4,8,2
16071,Weimarer Land,2019,0.64556,4,7,2
16071,Weimarer Land,2020,0.66051,4,8,2
16071,Weimarer Land,2021,0.62057,4,8,2
16072,Sonneberg,1998,0.82165,5,10,3
16072,Sonneberg,1999,0.8017,5,9,3
16072,Sonneberg,2000,0.78001,5,9,3
16072,Sonneberg,2001,0.76976,5,9,3
16072,Sonneberg,2002,0.74602,5,9,3
16072,Sonneberg,2003,0.75683,5,9,3
16072,Sonneberg,2004,0.79465,5,10,3
16072,Sonneberg,2005,0.77554,5,9,3
16072,Sonneberg,2006,0.80584,5,9,3
16072,Sonneberg,2007,0.76281,5,9,3
16072,Sonneberg,2008,0.77926,5,9,3
16072,Sonneberg,2009,0.76939,5,9,3
16072,Sonneberg,2010,0.75491,5,9,3
16072,Sonneberg,2011,0.73949,5,9,3
16072,Sonneberg,2012,0.67774,4,8,2
16072,Sonneberg,2013,0.75377,5,9,3
16072,Sonneberg,2014,0.69481,4,8,2
16072,Sonneberg,2015,0.70165,5,9,3
16072,Sonneberg,2016,0.70669,5,9,3
16072,Sonneberg,2017,0.77845,5,10,3
16072,Sonneberg,2018,0.76549,5,10,3
16072,Sonneberg,2019,0.74329,5,9,3
16072,Sonneberg,2020,0.75067,5,10,3
16072,Sonneberg,2021,0.7134,5,9,3
16073,Saalfeld-Rudolstadt,1998,0.78716,5,9,3
16073,Saalfeld-Rudolstadt,1999,0.79088,5,9,3
16073,Saalfeld-Rudolstadt,2000,0.78483,5,9,3
16073,Saalfeld-Rudolstadt,2001,0.73869,5,9,3
16073,Saalfeld-Rudolstadt,2002,0.72451,5,9,3
16073,Saalfeld-Rudolstadt,2003,0.70472,5,9,3
16073,Saalfeld-Rudolstadt,2004,0.70468,5,9,3
16073,Saalfeld-Rudolstadt,2005,0.73158,5,9,3
16073,Saalfeld-Rudolstadt,2006,0.74288,5,9,3
16073,Saalfeld-Rudolstadt,2007,0.7503,5,9,3
16073,Saalfeld-Rudolstadt,2008,0.78918,5,9,3
16073,Saalfeld-Rudolstadt,2009,0.74405,5,9,3
16073,Saalfeld-Rudolstadt,2010,0.74762,5,9,3
16073,Saalfeld-Rudolstadt,2011,0.69428,4,8,2
16073,Saalfeld-Rudolstadt,2012,0.7273,5,9,3
16073,Saalfeld-Rudolstadt,2013,0.73326,5,9,3
16073,Saalfeld-Rudolstadt,2014,0.75589,5,9,3
16073,Saalfeld-Rudolstadt,2015,0.71062,5,9,3
16073,Saalfeld-Rudolstadt,2016,0.66488,4,8,2
16073,Saalfeld-Rudolstadt,2017,0.67467,4,8,2
16073,Saalfeld-Rudolstadt,2018,0.69155,4,8,2
16073,Saalfeld-Rudolstadt,2019,0.6641,4,8,2
16073,Saalfeld-Rudolstadt,2020,0.6654,4,8,2
16073,Saalfeld-Rudolstadt,2021,0.67993,5,9,3
16074,Saale-Holzland-Kreis,1998,0.76069,5,9,3
16074,Saale-Holzland-Kreis,1999,0.75149,4,8,2
16074,Saale-Holzland-Kreis,2000,0.7286,5,9,3
16074,Saale-Holzland-Kreis,2001,0.74123000000000006,5,9,3
16074,Saale-Holzland-Kreis,2002,0.72911,5,9,3
16074,Saale-Holzland-Kreis,2003,0.6724,4,8,2
16074,Saale-Holzland-Kreis,2004,0.69664,5,9,3
16074,Saale-Holzland-Kreis,2005,0.68385,4,8,2
16074,Saale-Holzland-Kreis,2006,0.689,4,8,2
16074,Saale-Holzland-Kreis,2007,0.6605,4,7,2
16074,Saale-Holzland-Kreis,2008,0.72018,4,8,2
16074,Saale-Holzland-Kreis,2009,0.67973,4,7,2
16074,Saale-Holzland-Kreis,2010,0.67724,4,7,2
16074,Saale-Holzland-Kreis,2011,0.74763,5,9,3
16074,Saale-Holzland-Kreis,2012,0.66849,4,8,2
16074,Saale-Holzland-Kreis,2013,0.64332,4,7,2
16074,Saale-Holzland-Kreis,2014,0.64553,4,7,2
16074,Saale-Holzland-Kreis,2015,0.63323,4,7,2
16074,Saale-Holzland-Kreis,2016,0.57149,3,6,2
16074,Saale-Holzland-Kreis,2017,0.62241,4,7,2
16074,Saale-Holzland-Kreis,2018,0.59417,3,6,2
16074,Saale-Holzland-Kreis,2019,0.5952,3,6,2
16074,Saale-Holzland-Kreis,2020,0.58574,3,6,2
16074,Saale-Holzland-Kreis,2021,0.57374,4,7,2
16075,Saale-Orla-Kreis,1998,0.82202,5,10,3
16075,Saale-Orla-Kreis,1999,0.79843,5,9,3
16075,Saale-Orla-Kreis,2000,0.76167,5,9,3
16075,Saale-Orla-Kreis,2001,0.77591,5,9,3
16075,Saale-Orla-Kreis,2002,0.76621,5,9,3
16075,Saale-Orla-Kreis,2003,0.71383,5,9,3
16075,Saale-Orla-Kreis,2004,0.72764,5,9,3
16075,Saale-Orla-Kreis,2005,0.74523,5,9,3
16075,Saale-Orla-Kreis,2006,0.74038,5,9,3
16075,Saale-Orla-Kreis,2007,0.74924,5,9,3
16075,Saale-Orla-Kreis,2008,0.7597,4,8,2
16075,Saale-Orla-Kreis,2009,0.76163,5,9,3
16075,Saale-Orla-Kreis,2010,0.76459,5,9,3
16075,Saale-Orla-Kreis,2011,0.72684,5,9,3
16075,Saale-Orla-Kreis,2012,0.7013,4,8,2
16075,Saale-Orla-Kreis,2013,0.7151,4,8,2
16075,Saale-Orla-Kreis,2014,0.69717,4,8,2
16075,Saale-Orla-Kreis,2015,0.69568,4,8,2
16075,Saale-Orla-Kreis,2016,0.7022,5,9,3
16075,Saale-Orla-Kreis,2017,0.7029,5,9,3
16075,Saale-Orla-Kreis,2018,0.69755,4,8,2
16075,Saale-Orla-Kreis,2019,0.67836,4,8,2
16075,Saale-Orla-Kreis,2020,0.66605,4,8,2
16075,Saale-Orla-Kreis,2021,0.67176,5,9,3
16076,Greiz,1998,0.80262,5,9,3
16076,Greiz,1999,0.77095,5,9,3
16076,Greiz,2000,0.74064,5,9,3
16076,Greiz,2001,0.77385,5,9,3
16076,Greiz,2002,0.71233,5,9,3
16076,Greiz,2003,0.74961,5,9,3
16076,Greiz,2004,0.73408,5,9,3
16076,Greiz,2005,0.75275,5,9,3
16076,Greiz,2006,0.72484,4,8,2
16076,Greiz,2007,0.72602,4,8,2
16076,Greiz,2008,0.77623,5,9,3
16076,Greiz,2009,0.72489,4,8,2
16076,Greiz,2010,0.72379,4,8,2
16076,Greiz,2011,0.689,4,8,2
16076,Greiz,2012,0.73057,5,9,3
16076,Greiz,2013,0.69146,4,8,2
16076,Greiz,2014,0.71196,4,8,2
16076,Greiz,2015,0.67764,4,8,2
16076,Greiz,2016,0.67643,4,8,2
16076,Greiz,2017,0.63801,4,7,2
16076,Greiz,2018,0.68764,4,8,2
16076,Greiz,2019,0.67371,4,8,2
16076,Greiz,2020,0.6561,4,8,2
16076,Greiz,2021,0.62375,4,8,2
16077,Altenburger Land,1998,0.85765,5,10,3
16077,Altenburger Land,1999,0.8765,5,10,3
16077,Altenburger Land,2000,0.83475,5,10,3
16077,Altenburger Land,2001,0.81456,5,10,3
16077,Altenburger Land,2002,0.81492,5,10,3
16077,Altenburger Land,2003,0.7689,5,10,3
16077,Altenburger Land,2004,0.78472,5,10,3
16077,Altenburger Land,2005,0.80091,5,9,3
16077,Altenburger Land,2006,0.80554,5,9,3
16077,Altenburger Land,2007,0.82155,5,9,3
16077,Altenburger Land,2008,0.8482,5,9,3
16077,Altenburger Land,2009,0.82777,5,10,3
16077,Altenburger Land,2010,0.83885,5,10,3
16077,Altenburger Land,2011,0.8165,5,9,3
16077,Altenburger Land,2012,0.7948,5,9,3
16077,Altenburger Land,2013,0.78703,5,9,3
16077,Altenburger Land,2014,0.80367,5,9,3
16077,Altenburger Land,2015,0.76379,5,9,3
16077,Altenburger Land,2016,0.71215,5,9,3
16077,Altenburger Land,2017,0.73622,5,9,3
16077,Altenburger Land,2018,0.73838,5,9,3
16077,Altenburger Land,2019,0.73334,5,9,3
16077,Altenburger Land,2020,0.71872,5,9,3
16077,Altenburger Land,2021,0.69568,5,9,3
